50domain_test
20
2
0.6
200
0.4
200
0
8
1
2
200
1e-05
10
0
0
50
1 200 0 8
2 200 0 8
3 200 0 8
4 200 0 8
5 200 0 8
6 200 0 8
7 200 0 8
8 200 0 8
9 200 0 8
10 200 0 8
11 200 0 8
12 200 0 8
13 200 0 8
14 200 0 8
15 200 0 8
16 200 0 8
17 200 0 8
18 200 0 8
19 200 0 8
20 200 0 8
21 200 0 8
22 200 0 8
23 200 0 8
24 200 0 8
25 200 0 8
26 200 0 8
27 200 0 8
28 200 0 8
29 200 0 8
30 200 0 8
31 200 0 8
32 200 0 8
33 200 0 8
34 200 0 8
35 200 0 8
36 200 0 8
37 200 0 8
38 200 0 8
39 200 0 8
40 200 0 8
41 200 0 8
42 200 0 8
43 200 0 8
44 200 0 8
45 200 0 8
46 200 0 8
47 200 0 8
48 200 0 8
49 200 0 8
50 200 0 8
3136
1 65 2 257 -1
1 66 2 258 -1
1 67 2 259 -1
1 68 2 260 -1
1 69 2 261 -1
1 70 2 262 -1
1 71 2 263 -1
1 72 2 264 -1
1 73 2 265 -1
1 74 2 266 -1
1 75 2 267 -1
1 76 2 268 -1
1 77 2 269 -1
1 78 2 270 -1
1 79 2 271 -1
1 80 2 272 -1
1 81 2 273 -1
1 82 2 274 -1
1 83 2 275 -1
1 84 2 276 -1
1 85 2 277 -1
1 86 2 278 -1
1 87 2 279 -1
1 88 2 280 -1
1 89 2 281 -1
1 90 2 282 -1
1 91 2 283 -1
1 92 2 284 -1
1 93 2 285 -1
1 94 2 286 -1
1 95 2 287 -1
1 96 2 288 -1
1 97 2 289 -1
1 98 2 290 -1
1 99 2 291 -1
1 100 2 292 -1
1 101 2 293 -1
1 102 2 294 -1
1 103 2 295 -1
1 104 2 296 -1
1 105 2 297 -1
1 106 2 298 -1
1 107 2 299 -1
1 108 2 300 -1
1 109 2 301 -1
1 110 2 302 -1
1 111 2 303 -1
1 112 2 304 -1
1 113 2 305 -1
1 114 2 306 -1
1 115 2 307 -1
1 116 2 308 -1
1 117 2 309 -1
1 118 2 310 -1
1 119 2 311 -1
1 120 2 312 -1
1 121 2 313 -1
1 122 2 314 -1
1 123 2 315 -1
1 124 2 316 -1
1 125 2 317 -1
1 126 2 318 -1
1 127 2 319 -1
1 128 2 320 -1
2 321 3 513 -1
2 322 3 514 -1
2 323 3 515 -1
2 324 3 516 -1
2 325 3 517 -1
2 326 3 518 -1
2 327 3 519 -1
2 328 3 520 -1
2 329 3 521 -1
2 330 3 522 -1
2 331 3 523 -1
2 332 3 524 -1
2 333 3 525 -1
2 334 3 526 -1
2 335 3 527 -1
2 336 3 528 -1
2 337 3 529 -1
2 338 3 530 -1
2 339 3 531 -1
2 340 3 532 -1
2 341 3 533 -1
2 342 3 534 -1
2 343 3 535 -1
2 344 3 536 -1
2 345 3 537 -1
2 346 3 538 -1
2 347 3 539 -1
2 348 3 540 -1
2 349 3 541 -1
2 350 3 542 -1
2 351 3 543 -1
2 352 3 544 -1
2 353 3 545 -1
2 354 3 546 -1
2 355 3 547 -1
2 356 3 548 -1
2 357 3 549 -1
2 358 3 550 -1
2 359 3 551 -1
2 360 3 552 -1
2 361 3 553 -1
2 362 3 554 -1
2 363 3 555 -1
2 364 3 556 -1
2 365 3 557 -1
2 366 3 558 -1
2 367 3 559 -1
2 368 3 560 -1
2 369 3 561 -1
2 370 3 562 -1
2 371 3 563 -1
2 372 3 564 -1
2 373 3 565 -1
2 374 3 566 -1
2 375 3 567 -1
2 376 3 568 -1
2 377 3 569 -1
2 378 3 570 -1
2 379 3 571 -1
2 380 3 572 -1
2 381 3 573 -1
2 382 3 574 -1
2 383 3 575 -1
2 384 3 576 -1
3 577 4 769 -1
3 578 4 770 -1
3 579 4 771 -1
3 580 4 772 -1
3 581 4 773 -1
3 582 4 774 -1
3 583 4 775 -1
3 584 4 776 -1
3 585 4 777 -1
3 586 4 778 -1
3 587 4 779 -1
3 588 4 780 -1
3 589 4 781 -1
3 590 4 782 -1
3 591 4 783 -1
3 592 4 784 -1
3 593 4 785 -1
3 594 4 786 -1
3 595 4 787 -1
3 596 4 788 -1
3 597 4 789 -1
3 598 4 790 -1
3 599 4 791 -1
3 600 4 792 -1
3 601 4 793 -1
3 602 4 794 -1
3 603 4 795 -1
3 604 4 796 -1
3 605 4 797 -1
3 606 4 798 -1
3 607 4 799 -1
3 608 4 800 -1
3 609 4 801 -1
3 610 4 802 -1
3 611 4 803 -1
3 612 4 804 -1
3 613 4 805 -1
3 614 4 806 -1
3 615 4 807 -1
3 616 4 808 -1
3 617 4 809 -1
3 618 4 810 -1
3 619 4 811 -1
3 620 4 812 -1
3 621 4 813 -1
3 622 4 814 -1
3 623 4 815 -1
3 624 4 816 -1
3 625 4 817 -1
3 626 4 818 -1
3 627 4 819 -1
3 628 4 820 -1
3 629 4 821 -1
3 630 4 822 -1
3 631 4 823 -1
3 632 4 824 -1
3 633 4 825 -1
3 634 4 826 -1
3 635 4 827 -1
3 636 4 828 -1
3 637 4 829 -1
3 638 4 830 -1
3 639 4 831 -1
3 640 4 832 -1
4 833 5 1025 -1
4 834 5 1026 -1
4 835 5 1027 -1
4 836 5 1028 -1
4 837 5 1029 -1
4 838 5 1030 -1
4 839 5 1031 -1
4 840 5 1032 -1
4 841 5 1033 -1
4 842 5 1034 -1
4 843 5 1035 -1
4 844 5 1036 -1
4 845 5 1037 -1
4 846 5 1038 -1
4 847 5 1039 -1
4 848 5 1040 -1
4 849 5 1041 -1
4 850 5 1042 -1
4 851 5 1043 -1
4 852 5 1044 -1
4 853 5 1045 -1
4 854 5 1046 -1
4 855 5 1047 -1
4 856 5 1048 -1
4 857 5 1049 -1
4 858 5 1050 -1
4 859 5 1051 -1
4 860 5 1052 -1
4 861 5 1053 -1
4 862 5 1054 -1
4 863 5 1055 -1
4 864 5 1056 -1
4 865 5 1057 -1
4 866 5 1058 -1
4 867 5 1059 -1
4 868 5 1060 -1
4 869 5 1061 -1
4 870 5 1062 -1
4 871 5 1063 -1
4 872 5 1064 -1
4 873 5 1065 -1
4 874 5 1066 -1
4 875 5 1067 -1
4 876 5 1068 -1
4 877 5 1069 -1
4 878 5 1070 -1
4 879 5 1071 -1
4 880 5 1072 -1
4 881 5 1073 -1
4 882 5 1074 -1
4 883 5 1075 -1
4 884 5 1076 -1
4 885 5 1077 -1
4 886 5 1078 -1
4 887 5 1079 -1
4 888 5 1080 -1
4 889 5 1081 -1
4 890 5 1082 -1
4 891 5 1083 -1
4 892 5 1084 -1
4 893 5 1085 -1
4 894 5 1086 -1
4 895 5 1087 -1
4 896 5 1088 -1
5 1089 6 1281 -1
5 1090 6 1282 -1
5 1091 6 1283 -1
5 1092 6 1284 -1
5 1093 6 1285 -1
5 1094 6 1286 -1
5 1095 6 1287 -1
5 1096 6 1288 -1
5 1097 6 1289 -1
5 1098 6 1290 -1
5 1099 6 1291 -1
5 1100 6 1292 -1
5 1101 6 1293 -1
5 1102 6 1294 -1
5 1103 6 1295 -1
5 1104 6 1296 -1
5 1105 6 1297 -1
5 1106 6 1298 -1
5 1107 6 1299 -1
5 1108 6 1300 -1
5 1109 6 1301 -1
5 1110 6 1302 -1
5 1111 6 1303 -1
5 1112 6 1304 -1
5 1113 6 1305 -1
5 1114 6 1306 -1
5 1115 6 1307 -1
5 1116 6 1308 -1
5 1117 6 1309 -1
5 1118 6 1310 -1
5 1119 6 1311 -1
5 1120 6 1312 -1
5 1121 6 1313 -1
5 1122 6 1314 -1
5 1123 6 1315 -1
5 1124 6 1316 -1
5 1125 6 1317 -1
5 1126 6 1318 -1
5 1127 6 1319 -1
5 1128 6 1320 -1
5 1129 6 1321 -1
5 1130 6 1322 -1
5 1131 6 1323 -1
5 1132 6 1324 -1
5 1133 6 1325 -1
5 1134 6 1326 -1
5 1135 6 1327 -1
5 1136 6 1328 -1
5 1137 6 1329 -1
5 1138 6 1330 -1
5 1139 6 1331 -1
5 1140 6 1332 -1
5 1141 6 1333 -1
5 1142 6 1334 -1
5 1143 6 1335 -1
5 1144 6 1336 -1
5 1145 6 1337 -1
5 1146 6 1338 -1
5 1147 6 1339 -1
5 1148 6 1340 -1
5 1149 6 1341 -1
5 1150 6 1342 -1
5 1151 6 1343 -1
5 1152 6 1344 -1
6 1345 7 1537 -1
6 1346 7 1538 -1
6 1347 7 1539 -1
6 1348 7 1540 -1
6 1349 7 1541 -1
6 1350 7 1542 -1
6 1351 7 1543 -1
6 1352 7 1544 -1
6 1353 7 1545 -1
6 1354 7 1546 -1
6 1355 7 1547 -1
6 1356 7 1548 -1
6 1357 7 1549 -1
6 1358 7 1550 -1
6 1359 7 1551 -1
6 1360 7 1552 -1
6 1361 7 1553 -1
6 1362 7 1554 -1
6 1363 7 1555 -1
6 1364 7 1556 -1
6 1365 7 1557 -1
6 1366 7 1558 -1
6 1367 7 1559 -1
6 1368 7 1560 -1
6 1369 7 1561 -1
6 1370 7 1562 -1
6 1371 7 1563 -1
6 1372 7 1564 -1
6 1373 7 1565 -1
6 1374 7 1566 -1
6 1375 7 1567 -1
6 1376 7 1568 -1
6 1377 7 1569 -1
6 1378 7 1570 -1
6 1379 7 1571 -1
6 1380 7 1572 -1
6 1381 7 1573 -1
6 1382 7 1574 -1
6 1383 7 1575 -1
6 1384 7 1576 -1
6 1385 7 1577 -1
6 1386 7 1578 -1
6 1387 7 1579 -1
6 1388 7 1580 -1
6 1389 7 1581 -1
6 1390 7 1582 -1
6 1391 7 1583 -1
6 1392 7 1584 -1
6 1393 7 1585 -1
6 1394 7 1586 -1
6 1395 7 1587 -1
6 1396 7 1588 -1
6 1397 7 1589 -1
6 1398 7 1590 -1
6 1399 7 1591 -1
6 1400 7 1592 -1
6 1401 7 1593 -1
6 1402 7 1594 -1
6 1403 7 1595 -1
6 1404 7 1596 -1
6 1405 7 1597 -1
6 1406 7 1598 -1
6 1407 7 1599 -1
6 1408 7 1600 -1
7 1601 8 1793 -1
7 1602 8 1794 -1
7 1603 8 1795 -1
7 1604 8 1796 -1
7 1605 8 1797 -1
7 1606 8 1798 -1
7 1607 8 1799 -1
7 1608 8 1800 -1
7 1609 8 1801 -1
7 1610 8 1802 -1
7 1611 8 1803 -1
7 1612 8 1804 -1
7 1613 8 1805 -1
7 1614 8 1806 -1
7 1615 8 1807 -1
7 1616 8 1808 -1
7 1617 8 1809 -1
7 1618 8 1810 -1
7 1619 8 1811 -1
7 1620 8 1812 -1
7 1621 8 1813 -1
7 1622 8 1814 -1
7 1623 8 1815 -1
7 1624 8 1816 -1
7 1625 8 1817 -1
7 1626 8 1818 -1
7 1627 8 1819 -1
7 1628 8 1820 -1
7 1629 8 1821 -1
7 1630 8 1822 -1
7 1631 8 1823 -1
7 1632 8 1824 -1
7 1633 8 1825 -1
7 1634 8 1826 -1
7 1635 8 1827 -1
7 1636 8 1828 -1
7 1637 8 1829 -1
7 1638 8 1830 -1
7 1639 8 1831 -1
7 1640 8 1832 -1
7 1641 8 1833 -1
7 1642 8 1834 -1
7 1643 8 1835 -1
7 1644 8 1836 -1
7 1645 8 1837 -1
7 1646 8 1838 -1
7 1647 8 1839 -1
7 1648 8 1840 -1
7 1649 8 1841 -1
7 1650 8 1842 -1
7 1651 8 1843 -1
7 1652 8 1844 -1
7 1653 8 1845 -1
7 1654 8 1846 -1
7 1655 8 1847 -1
7 1656 8 1848 -1
7 1657 8 1849 -1
7 1658 8 1850 -1
7 1659 8 1851 -1
7 1660 8 1852 -1
7 1661 8 1853 -1
7 1662 8 1854 -1
7 1663 8 1855 -1
7 1664 8 1856 -1
8 1857 9 2049 -1
8 1858 9 2050 -1
8 1859 9 2051 -1
8 1860 9 2052 -1
8 1861 9 2053 -1
8 1862 9 2054 -1
8 1863 9 2055 -1
8 1864 9 2056 -1
8 1865 9 2057 -1
8 1866 9 2058 -1
8 1867 9 2059 -1
8 1868 9 2060 -1
8 1869 9 2061 -1
8 1870 9 2062 -1
8 1871 9 2063 -1
8 1872 9 2064 -1
8 1873 9 2065 -1
8 1874 9 2066 -1
8 1875 9 2067 -1
8 1876 9 2068 -1
8 1877 9 2069 -1
8 1878 9 2070 -1
8 1879 9 2071 -1
8 1880 9 2072 -1
8 1881 9 2073 -1
8 1882 9 2074 -1
8 1883 9 2075 -1
8 1884 9 2076 -1
8 1885 9 2077 -1
8 1886 9 2078 -1
8 1887 9 2079 -1
8 1888 9 2080 -1
8 1889 9 2081 -1
8 1890 9 2082 -1
8 1891 9 2083 -1
8 1892 9 2084 -1
8 1893 9 2085 -1
8 1894 9 2086 -1
8 1895 9 2087 -1
8 1896 9 2088 -1
8 1897 9 2089 -1
8 1898 9 2090 -1
8 1899 9 2091 -1
8 1900 9 2092 -1
8 1901 9 2093 -1
8 1902 9 2094 -1
8 1903 9 2095 -1
8 1904 9 2096 -1
8 1905 9 2097 -1
8 1906 9 2098 -1
8 1907 9 2099 -1
8 1908 9 2100 -1
8 1909 9 2101 -1
8 1910 9 2102 -1
8 1911 9 2103 -1
8 1912 9 2104 -1
8 1913 9 2105 -1
8 1914 9 2106 -1
8 1915 9 2107 -1
8 1916 9 2108 -1
8 1917 9 2109 -1
8 1918 9 2110 -1
8 1919 9 2111 -1
8 1920 9 2112 -1
9 2113 10 2305 -1
9 2114 10 2306 -1
9 2115 10 2307 -1
9 2116 10 2308 -1
9 2117 10 2309 -1
9 2118 10 2310 -1
9 2119 10 2311 -1
9 2120 10 2312 -1
9 2121 10 2313 -1
9 2122 10 2314 -1
9 2123 10 2315 -1
9 2124 10 2316 -1
9 2125 10 2317 -1
9 2126 10 2318 -1
9 2127 10 2319 -1
9 2128 10 2320 -1
9 2129 10 2321 -1
9 2130 10 2322 -1
9 2131 10 2323 -1
9 2132 10 2324 -1
9 2133 10 2325 -1
9 2134 10 2326 -1
9 2135 10 2327 -1
9 2136 10 2328 -1
9 2137 10 2329 -1
9 2138 10 2330 -1
9 2139 10 2331 -1
9 2140 10 2332 -1
9 2141 10 2333 -1
9 2142 10 2334 -1
9 2143 10 2335 -1
9 2144 10 2336 -1
9 2145 10 2337 -1
9 2146 10 2338 -1
9 2147 10 2339 -1
9 2148 10 2340 -1
9 2149 10 2341 -1
9 2150 10 2342 -1
9 2151 10 2343 -1
9 2152 10 2344 -1
9 2153 10 2345 -1
9 2154 10 2346 -1
9 2155 10 2347 -1
9 2156 10 2348 -1
9 2157 10 2349 -1
9 2158 10 2350 -1
9 2159 10 2351 -1
9 2160 10 2352 -1
9 2161 10 2353 -1
9 2162 10 2354 -1
9 2163 10 2355 -1
9 2164 10 2356 -1
9 2165 10 2357 -1
9 2166 10 2358 -1
9 2167 10 2359 -1
9 2168 10 2360 -1
9 2169 10 2361 -1
9 2170 10 2362 -1
9 2171 10 2363 -1
9 2172 10 2364 -1
9 2173 10 2365 -1
9 2174 10 2366 -1
9 2175 10 2367 -1
9 2176 10 2368 -1
10 2369 11 2561 -1
10 2370 11 2562 -1
10 2371 11 2563 -1
10 2372 11 2564 -1
10 2373 11 2565 -1
10 2374 11 2566 -1
10 2375 11 2567 -1
10 2376 11 2568 -1
10 2377 11 2569 -1
10 2378 11 2570 -1
10 2379 11 2571 -1
10 2380 11 2572 -1
10 2381 11 2573 -1
10 2382 11 2574 -1
10 2383 11 2575 -1
10 2384 11 2576 -1
10 2385 11 2577 -1
10 2386 11 2578 -1
10 2387 11 2579 -1
10 2388 11 2580 -1
10 2389 11 2581 -1
10 2390 11 2582 -1
10 2391 11 2583 -1
10 2392 11 2584 -1
10 2393 11 2585 -1
10 2394 11 2586 -1
10 2395 11 2587 -1
10 2396 11 2588 -1
10 2397 11 2589 -1
10 2398 11 2590 -1
10 2399 11 2591 -1
10 2400 11 2592 -1
10 2401 11 2593 -1
10 2402 11 2594 -1
10 2403 11 2595 -1
10 2404 11 2596 -1
10 2405 11 2597 -1
10 2406 11 2598 -1
10 2407 11 2599 -1
10 2408 11 2600 -1
10 2409 11 2601 -1
10 2410 11 2602 -1
10 2411 11 2603 -1
10 2412 11 2604 -1
10 2413 11 2605 -1
10 2414 11 2606 -1
10 2415 11 2607 -1
10 2416 11 2608 -1
10 2417 11 2609 -1
10 2418 11 2610 -1
10 2419 11 2611 -1
10 2420 11 2612 -1
10 2421 11 2613 -1
10 2422 11 2614 -1
10 2423 11 2615 -1
10 2424 11 2616 -1
10 2425 11 2617 -1
10 2426 11 2618 -1
10 2427 11 2619 -1
10 2428 11 2620 -1
10 2429 11 2621 -1
10 2430 11 2622 -1
10 2431 11 2623 -1
10 2432 11 2624 -1
11 2625 12 2817 -1
11 2626 12 2818 -1
11 2627 12 2819 -1
11 2628 12 2820 -1
11 2629 12 2821 -1
11 2630 12 2822 -1
11 2631 12 2823 -1
11 2632 12 2824 -1
11 2633 12 2825 -1
11 2634 12 2826 -1
11 2635 12 2827 -1
11 2636 12 2828 -1
11 2637 12 2829 -1
11 2638 12 2830 -1
11 2639 12 2831 -1
11 2640 12 2832 -1
11 2641 12 2833 -1
11 2642 12 2834 -1
11 2643 12 2835 -1
11 2644 12 2836 -1
11 2645 12 2837 -1
11 2646 12 2838 -1
11 2647 12 2839 -1
11 2648 12 2840 -1
11 2649 12 2841 -1
11 2650 12 2842 -1
11 2651 12 2843 -1
11 2652 12 2844 -1
11 2653 12 2845 -1
11 2654 12 2846 -1
11 2655 12 2847 -1
11 2656 12 2848 -1
11 2657 12 2849 -1
11 2658 12 2850 -1
11 2659 12 2851 -1
11 2660 12 2852 -1
11 2661 12 2853 -1
11 2662 12 2854 -1
11 2663 12 2855 -1
11 2664 12 2856 -1
11 2665 12 2857 -1
11 2666 12 2858 -1
11 2667 12 2859 -1
11 2668 12 2860 -1
11 2669 12 2861 -1
11 2670 12 2862 -1
11 2671 12 2863 -1
11 2672 12 2864 -1
11 2673 12 2865 -1
11 2674 12 2866 -1
11 2675 12 2867 -1
11 2676 12 2868 -1
11 2677 12 2869 -1
11 2678 12 2870 -1
11 2679 12 2871 -1
11 2680 12 2872 -1
11 2681 12 2873 -1
11 2682 12 2874 -1
11 2683 12 2875 -1
11 2684 12 2876 -1
11 2685 12 2877 -1
11 2686 12 2878 -1
11 2687 12 2879 -1
11 2688 12 2880 -1
12 2881 13 3073 -1
12 2882 13 3074 -1
12 2883 13 3075 -1
12 2884 13 3076 -1
12 2885 13 3077 -1
12 2886 13 3078 -1
12 2887 13 3079 -1
12 2888 13 3080 -1
12 2889 13 3081 -1
12 2890 13 3082 -1
12 2891 13 3083 -1
12 2892 13 3084 -1
12 2893 13 3085 -1
12 2894 13 3086 -1
12 2895 13 3087 -1
12 2896 13 3088 -1
12 2897 13 3089 -1
12 2898 13 3090 -1
12 2899 13 3091 -1
12 2900 13 3092 -1
12 2901 13 3093 -1
12 2902 13 3094 -1
12 2903 13 3095 -1
12 2904 13 3096 -1
12 2905 13 3097 -1
12 2906 13 3098 -1
12 2907 13 3099 -1
12 2908 13 3100 -1
12 2909 13 3101 -1
12 2910 13 3102 -1
12 2911 13 3103 -1
12 2912 13 3104 -1
12 2913 13 3105 -1
12 2914 13 3106 -1
12 2915 13 3107 -1
12 2916 13 3108 -1
12 2917 13 3109 -1
12 2918 13 3110 -1
12 2919 13 3111 -1
12 2920 13 3112 -1
12 2921 13 3113 -1
12 2922 13 3114 -1
12 2923 13 3115 -1
12 2924 13 3116 -1
12 2925 13 3117 -1
12 2926 13 3118 -1
12 2927 13 3119 -1
12 2928 13 3120 -1
12 2929 13 3121 -1
12 2930 13 3122 -1
12 2931 13 3123 -1
12 2932 13 3124 -1
12 2933 13 3125 -1
12 2934 13 3126 -1
12 2935 13 3127 -1
12 2936 13 3128 -1
12 2937 13 3129 -1
12 2938 13 3130 -1
12 2939 13 3131 -1
12 2940 13 3132 -1
12 2941 13 3133 -1
12 2942 13 3134 -1
12 2943 13 3135 -1
12 2944 13 3136 -1
13 3137 14 3329 -1
13 3138 14 3330 -1
13 3139 14 3331 -1
13 3140 14 3332 -1
13 3141 14 3333 -1
13 3142 14 3334 -1
13 3143 14 3335 -1
13 3144 14 3336 -1
13 3145 14 3337 -1
13 3146 14 3338 -1
13 3147 14 3339 -1
13 3148 14 3340 -1
13 3149 14 3341 -1
13 3150 14 3342 -1
13 3151 14 3343 -1
13 3152 14 3344 -1
13 3153 14 3345 -1
13 3154 14 3346 -1
13 3155 14 3347 -1
13 3156 14 3348 -1
13 3157 14 3349 -1
13 3158 14 3350 -1
13 3159 14 3351 -1
13 3160 14 3352 -1
13 3161 14 3353 -1
13 3162 14 3354 -1
13 3163 14 3355 -1
13 3164 14 3356 -1
13 3165 14 3357 -1
13 3166 14 3358 -1
13 3167 14 3359 -1
13 3168 14 3360 -1
13 3169 14 3361 -1
13 3170 14 3362 -1
13 3171 14 3363 -1
13 3172 14 3364 -1
13 3173 14 3365 -1
13 3174 14 3366 -1
13 3175 14 3367 -1
13 3176 14 3368 -1
13 3177 14 3369 -1
13 3178 14 3370 -1
13 3179 14 3371 -1
13 3180 14 3372 -1
13 3181 14 3373 -1
13 3182 14 3374 -1
13 3183 14 3375 -1
13 3184 14 3376 -1
13 3185 14 3377 -1
13 3186 14 3378 -1
13 3187 14 3379 -1
13 3188 14 3380 -1
13 3189 14 3381 -1
13 3190 14 3382 -1
13 3191 14 3383 -1
13 3192 14 3384 -1
13 3193 14 3385 -1
13 3194 14 3386 -1
13 3195 14 3387 -1
13 3196 14 3388 -1
13 3197 14 3389 -1
13 3198 14 3390 -1
13 3199 14 3391 -1
13 3200 14 3392 -1
14 3393 15 3585 -1
14 3394 15 3586 -1
14 3395 15 3587 -1
14 3396 15 3588 -1
14 3397 15 3589 -1
14 3398 15 3590 -1
14 3399 15 3591 -1
14 3400 15 3592 -1
14 3401 15 3593 -1
14 3402 15 3594 -1
14 3403 15 3595 -1
14 3404 15 3596 -1
14 3405 15 3597 -1
14 3406 15 3598 -1
14 3407 15 3599 -1
14 3408 15 3600 -1
14 3409 15 3601 -1
14 3410 15 3602 -1
14 3411 15 3603 -1
14 3412 15 3604 -1
14 3413 15 3605 -1
14 3414 15 3606 -1
14 3415 15 3607 -1
14 3416 15 3608 -1
14 3417 15 3609 -1
14 3418 15 3610 -1
14 3419 15 3611 -1
14 3420 15 3612 -1
14 3421 15 3613 -1
14 3422 15 3614 -1
14 3423 15 3615 -1
14 3424 15 3616 -1
14 3425 15 3617 -1
14 3426 15 3618 -1
14 3427 15 3619 -1
14 3428 15 3620 -1
14 3429 15 3621 -1
14 3430 15 3622 -1
14 3431 15 3623 -1
14 3432 15 3624 -1
14 3433 15 3625 -1
14 3434 15 3626 -1
14 3435 15 3627 -1
14 3436 15 3628 -1
14 3437 15 3629 -1
14 3438 15 3630 -1
14 3439 15 3631 -1
14 3440 15 3632 -1
14 3441 15 3633 -1
14 3442 15 3634 -1
14 3443 15 3635 -1
14 3444 15 3636 -1
14 3445 15 3637 -1
14 3446 15 3638 -1
14 3447 15 3639 -1
14 3448 15 3640 -1
14 3449 15 3641 -1
14 3450 15 3642 -1
14 3451 15 3643 -1
14 3452 15 3644 -1
14 3453 15 3645 -1
14 3454 15 3646 -1
14 3455 15 3647 -1
14 3456 15 3648 -1
15 3649 16 3841 -1
15 3650 16 3842 -1
15 3651 16 3843 -1
15 3652 16 3844 -1
15 3653 16 3845 -1
15 3654 16 3846 -1
15 3655 16 3847 -1
15 3656 16 3848 -1
15 3657 16 3849 -1
15 3658 16 3850 -1
15 3659 16 3851 -1
15 3660 16 3852 -1
15 3661 16 3853 -1
15 3662 16 3854 -1
15 3663 16 3855 -1
15 3664 16 3856 -1
15 3665 16 3857 -1
15 3666 16 3858 -1
15 3667 16 3859 -1
15 3668 16 3860 -1
15 3669 16 3861 -1
15 3670 16 3862 -1
15 3671 16 3863 -1
15 3672 16 3864 -1
15 3673 16 3865 -1
15 3674 16 3866 -1
15 3675 16 3867 -1
15 3676 16 3868 -1
15 3677 16 3869 -1
15 3678 16 3870 -1
15 3679 16 3871 -1
15 3680 16 3872 -1
15 3681 16 3873 -1
15 3682 16 3874 -1
15 3683 16 3875 -1
15 3684 16 3876 -1
15 3685 16 3877 -1
15 3686 16 3878 -1
15 3687 16 3879 -1
15 3688 16 3880 -1
15 3689 16 3881 -1
15 3690 16 3882 -1
15 3691 16 3883 -1
15 3692 16 3884 -1
15 3693 16 3885 -1
15 3694 16 3886 -1
15 3695 16 3887 -1
15 3696 16 3888 -1
15 3697 16 3889 -1
15 3698 16 3890 -1
15 3699 16 3891 -1
15 3700 16 3892 -1
15 3701 16 3893 -1
15 3702 16 3894 -1
15 3703 16 3895 -1
15 3704 16 3896 -1
15 3705 16 3897 -1
15 3706 16 3898 -1
15 3707 16 3899 -1
15 3708 16 3900 -1
15 3709 16 3901 -1
15 3710 16 3902 -1
15 3711 16 3903 -1
15 3712 16 3904 -1
16 3905 17 4097 -1
16 3906 17 4098 -1
16 3907 17 4099 -1
16 3908 17 4100 -1
16 3909 17 4101 -1
16 3910 17 4102 -1
16 3911 17 4103 -1
16 3912 17 4104 -1
16 3913 17 4105 -1
16 3914 17 4106 -1
16 3915 17 4107 -1
16 3916 17 4108 -1
16 3917 17 4109 -1
16 3918 17 4110 -1
16 3919 17 4111 -1
16 3920 17 4112 -1
16 3921 17 4113 -1
16 3922 17 4114 -1
16 3923 17 4115 -1
16 3924 17 4116 -1
16 3925 17 4117 -1
16 3926 17 4118 -1
16 3927 17 4119 -1
16 3928 17 4120 -1
16 3929 17 4121 -1
16 3930 17 4122 -1
16 3931 17 4123 -1
16 3932 17 4124 -1
16 3933 17 4125 -1
16 3934 17 4126 -1
16 3935 17 4127 -1
16 3936 17 4128 -1
16 3937 17 4129 -1
16 3938 17 4130 -1
16 3939 17 4131 -1
16 3940 17 4132 -1
16 3941 17 4133 -1
16 3942 17 4134 -1
16 3943 17 4135 -1
16 3944 17 4136 -1
16 3945 17 4137 -1
16 3946 17 4138 -1
16 3947 17 4139 -1
16 3948 17 4140 -1
16 3949 17 4141 -1
16 3950 17 4142 -1
16 3951 17 4143 -1
16 3952 17 4144 -1
16 3953 17 4145 -1
16 3954 17 4146 -1
16 3955 17 4147 -1
16 3956 17 4148 -1
16 3957 17 4149 -1
16 3958 17 4150 -1
16 3959 17 4151 -1
16 3960 17 4152 -1
16 3961 17 4153 -1
16 3962 17 4154 -1
16 3963 17 4155 -1
16 3964 17 4156 -1
16 3965 17 4157 -1
16 3966 17 4158 -1
16 3967 17 4159 -1
16 3968 17 4160 -1
17 4161 18 4353 -1
17 4162 18 4354 -1
17 4163 18 4355 -1
17 4164 18 4356 -1
17 4165 18 4357 -1
17 4166 18 4358 -1
17 4167 18 4359 -1
17 4168 18 4360 -1
17 4169 18 4361 -1
17 4170 18 4362 -1
17 4171 18 4363 -1
17 4172 18 4364 -1
17 4173 18 4365 -1
17 4174 18 4366 -1
17 4175 18 4367 -1
17 4176 18 4368 -1
17 4177 18 4369 -1
17 4178 18 4370 -1
17 4179 18 4371 -1
17 4180 18 4372 -1
17 4181 18 4373 -1
17 4182 18 4374 -1
17 4183 18 4375 -1
17 4184 18 4376 -1
17 4185 18 4377 -1
17 4186 18 4378 -1
17 4187 18 4379 -1
17 4188 18 4380 -1
17 4189 18 4381 -1
17 4190 18 4382 -1
17 4191 18 4383 -1
17 4192 18 4384 -1
17 4193 18 4385 -1
17 4194 18 4386 -1
17 4195 18 4387 -1
17 4196 18 4388 -1
17 4197 18 4389 -1
17 4198 18 4390 -1
17 4199 18 4391 -1
17 4200 18 4392 -1
17 4201 18 4393 -1
17 4202 18 4394 -1
17 4203 18 4395 -1
17 4204 18 4396 -1
17 4205 18 4397 -1
17 4206 18 4398 -1
17 4207 18 4399 -1
17 4208 18 4400 -1
17 4209 18 4401 -1
17 4210 18 4402 -1
17 4211 18 4403 -1
17 4212 18 4404 -1
17 4213 18 4405 -1
17 4214 18 4406 -1
17 4215 18 4407 -1
17 4216 18 4408 -1
17 4217 18 4409 -1
17 4218 18 4410 -1
17 4219 18 4411 -1
17 4220 18 4412 -1
17 4221 18 4413 -1
17 4222 18 4414 -1
17 4223 18 4415 -1
17 4224 18 4416 -1
18 4417 19 4609 -1
18 4418 19 4610 -1
18 4419 19 4611 -1
18 4420 19 4612 -1
18 4421 19 4613 -1
18 4422 19 4614 -1
18 4423 19 4615 -1
18 4424 19 4616 -1
18 4425 19 4617 -1
18 4426 19 4618 -1
18 4427 19 4619 -1
18 4428 19 4620 -1
18 4429 19 4621 -1
18 4430 19 4622 -1
18 4431 19 4623 -1
18 4432 19 4624 -1
18 4433 19 4625 -1
18 4434 19 4626 -1
18 4435 19 4627 -1
18 4436 19 4628 -1
18 4437 19 4629 -1
18 4438 19 4630 -1
18 4439 19 4631 -1
18 4440 19 4632 -1
18 4441 19 4633 -1
18 4442 19 4634 -1
18 4443 19 4635 -1
18 4444 19 4636 -1
18 4445 19 4637 -1
18 4446 19 4638 -1
18 4447 19 4639 -1
18 4448 19 4640 -1
18 4449 19 4641 -1
18 4450 19 4642 -1
18 4451 19 4643 -1
18 4452 19 4644 -1
18 4453 19 4645 -1
18 4454 19 4646 -1
18 4455 19 4647 -1
18 4456 19 4648 -1
18 4457 19 4649 -1
18 4458 19 4650 -1
18 4459 19 4651 -1
18 4460 19 4652 -1
18 4461 19 4653 -1
18 4462 19 4654 -1
18 4463 19 4655 -1
18 4464 19 4656 -1
18 4465 19 4657 -1
18 4466 19 4658 -1
18 4467 19 4659 -1
18 4468 19 4660 -1
18 4469 19 4661 -1
18 4470 19 4662 -1
18 4471 19 4663 -1
18 4472 19 4664 -1
18 4473 19 4665 -1
18 4474 19 4666 -1
18 4475 19 4667 -1
18 4476 19 4668 -1
18 4477 19 4669 -1
18 4478 19 4670 -1
18 4479 19 4671 -1
18 4480 19 4672 -1
19 4673 20 4865 -1
19 4674 20 4866 -1
19 4675 20 4867 -1
19 4676 20 4868 -1
19 4677 20 4869 -1
19 4678 20 4870 -1
19 4679 20 4871 -1
19 4680 20 4872 -1
19 4681 20 4873 -1
19 4682 20 4874 -1
19 4683 20 4875 -1
19 4684 20 4876 -1
19 4685 20 4877 -1
19 4686 20 4878 -1
19 4687 20 4879 -1
19 4688 20 4880 -1
19 4689 20 4881 -1
19 4690 20 4882 -1
19 4691 20 4883 -1
19 4692 20 4884 -1
19 4693 20 4885 -1
19 4694 20 4886 -1
19 4695 20 4887 -1
19 4696 20 4888 -1
19 4697 20 4889 -1
19 4698 20 4890 -1
19 4699 20 4891 -1
19 4700 20 4892 -1
19 4701 20 4893 -1
19 4702 20 4894 -1
19 4703 20 4895 -1
19 4704 20 4896 -1
19 4705 20 4897 -1
19 4706 20 4898 -1
19 4707 20 4899 -1
19 4708 20 4900 -1
19 4709 20 4901 -1
19 4710 20 4902 -1
19 4711 20 4903 -1
19 4712 20 4904 -1
19 4713 20 4905 -1
19 4714 20 4906 -1
19 4715 20 4907 -1
19 4716 20 4908 -1
19 4717 20 4909 -1
19 4718 20 4910 -1
19 4719 20 4911 -1
19 4720 20 4912 -1
19 4721 20 4913 -1
19 4722 20 4914 -1
19 4723 20 4915 -1
19 4724 20 4916 -1
19 4725 20 4917 -1
19 4726 20 4918 -1
19 4727 20 4919 -1
19 4728 20 4920 -1
19 4729 20 4921 -1
19 4730 20 4922 -1
19 4731 20 4923 -1
19 4732 20 4924 -1
19 4733 20 4925 -1
19 4734 20 4926 -1
19 4735 20 4927 -1
19 4736 20 4928 -1
20 4929 21 5121 -1
20 4930 21 5122 -1
20 4931 21 5123 -1
20 4932 21 5124 -1
20 4933 21 5125 -1
20 4934 21 5126 -1
20 4935 21 5127 -1
20 4936 21 5128 -1
20 4937 21 5129 -1
20 4938 21 5130 -1
20 4939 21 5131 -1
20 4940 21 5132 -1
20 4941 21 5133 -1
20 4942 21 5134 -1
20 4943 21 5135 -1
20 4944 21 5136 -1
20 4945 21 5137 -1
20 4946 21 5138 -1
20 4947 21 5139 -1
20 4948 21 5140 -1
20 4949 21 5141 -1
20 4950 21 5142 -1
20 4951 21 5143 -1
20 4952 21 5144 -1
20 4953 21 5145 -1
20 4954 21 5146 -1
20 4955 21 5147 -1
20 4956 21 5148 -1
20 4957 21 5149 -1
20 4958 21 5150 -1
20 4959 21 5151 -1
20 4960 21 5152 -1
20 4961 21 5153 -1
20 4962 21 5154 -1
20 4963 21 5155 -1
20 4964 21 5156 -1
20 4965 21 5157 -1
20 4966 21 5158 -1
20 4967 21 5159 -1
20 4968 21 5160 -1
20 4969 21 5161 -1
20 4970 21 5162 -1
20 4971 21 5163 -1
20 4972 21 5164 -1
20 4973 21 5165 -1
20 4974 21 5166 -1
20 4975 21 5167 -1
20 4976 21 5168 -1
20 4977 21 5169 -1
20 4978 21 5170 -1
20 4979 21 5171 -1
20 4980 21 5172 -1
20 4981 21 5173 -1
20 4982 21 5174 -1
20 4983 21 5175 -1
20 4984 21 5176 -1
20 4985 21 5177 -1
20 4986 21 5178 -1
20 4987 21 5179 -1
20 4988 21 5180 -1
20 4989 21 5181 -1
20 4990 21 5182 -1
20 4991 21 5183 -1
20 4992 21 5184 -1
21 5185 22 5377 -1
21 5186 22 5378 -1
21 5187 22 5379 -1
21 5188 22 5380 -1
21 5189 22 5381 -1
21 5190 22 5382 -1
21 5191 22 5383 -1
21 5192 22 5384 -1
21 5193 22 5385 -1
21 5194 22 5386 -1
21 5195 22 5387 -1
21 5196 22 5388 -1
21 5197 22 5389 -1
21 5198 22 5390 -1
21 5199 22 5391 -1
21 5200 22 5392 -1
21 5201 22 5393 -1
21 5202 22 5394 -1
21 5203 22 5395 -1
21 5204 22 5396 -1
21 5205 22 5397 -1
21 5206 22 5398 -1
21 5207 22 5399 -1
21 5208 22 5400 -1
21 5209 22 5401 -1
21 5210 22 5402 -1
21 5211 22 5403 -1
21 5212 22 5404 -1
21 5213 22 5405 -1
21 5214 22 5406 -1
21 5215 22 5407 -1
21 5216 22 5408 -1
21 5217 22 5409 -1
21 5218 22 5410 -1
21 5219 22 5411 -1
21 5220 22 5412 -1
21 5221 22 5413 -1
21 5222 22 5414 -1
21 5223 22 5415 -1
21 5224 22 5416 -1
21 5225 22 5417 -1
21 5226 22 5418 -1
21 5227 22 5419 -1
21 5228 22 5420 -1
21 5229 22 5421 -1
21 5230 22 5422 -1
21 5231 22 5423 -1
21 5232 22 5424 -1
21 5233 22 5425 -1
21 5234 22 5426 -1
21 5235 22 5427 -1
21 5236 22 5428 -1
21 5237 22 5429 -1
21 5238 22 5430 -1
21 5239 22 5431 -1
21 5240 22 5432 -1
21 5241 22 5433 -1
21 5242 22 5434 -1
21 5243 22 5435 -1
21 5244 22 5436 -1
21 5245 22 5437 -1
21 5246 22 5438 -1
21 5247 22 5439 -1
21 5248 22 5440 -1
22 5441 23 5633 -1
22 5442 23 5634 -1
22 5443 23 5635 -1
22 5444 23 5636 -1
22 5445 23 5637 -1
22 5446 23 5638 -1
22 5447 23 5639 -1
22 5448 23 5640 -1
22 5449 23 5641 -1
22 5450 23 5642 -1
22 5451 23 5643 -1
22 5452 23 5644 -1
22 5453 23 5645 -1
22 5454 23 5646 -1
22 5455 23 5647 -1
22 5456 23 5648 -1
22 5457 23 5649 -1
22 5458 23 5650 -1
22 5459 23 5651 -1
22 5460 23 5652 -1
22 5461 23 5653 -1
22 5462 23 5654 -1
22 5463 23 5655 -1
22 5464 23 5656 -1
22 5465 23 5657 -1
22 5466 23 5658 -1
22 5467 23 5659 -1
22 5468 23 5660 -1
22 5469 23 5661 -1
22 5470 23 5662 -1
22 5471 23 5663 -1
22 5472 23 5664 -1
22 5473 23 5665 -1
22 5474 23 5666 -1
22 5475 23 5667 -1
22 5476 23 5668 -1
22 5477 23 5669 -1
22 5478 23 5670 -1
22 5479 23 5671 -1
22 5480 23 5672 -1
22 5481 23 5673 -1
22 5482 23 5674 -1
22 5483 23 5675 -1
22 5484 23 5676 -1
22 5485 23 5677 -1
22 5486 23 5678 -1
22 5487 23 5679 -1
22 5488 23 5680 -1
22 5489 23 5681 -1
22 5490 23 5682 -1
22 5491 23 5683 -1
22 5492 23 5684 -1
22 5493 23 5685 -1
22 5494 23 5686 -1
22 5495 23 5687 -1
22 5496 23 5688 -1
22 5497 23 5689 -1
22 5498 23 5690 -1
22 5499 23 5691 -1
22 5500 23 5692 -1
22 5501 23 5693 -1
22 5502 23 5694 -1
22 5503 23 5695 -1
22 5504 23 5696 -1
23 5697 24 5889 -1
23 5698 24 5890 -1
23 5699 24 5891 -1
23 5700 24 5892 -1
23 5701 24 5893 -1
23 5702 24 5894 -1
23 5703 24 5895 -1
23 5704 24 5896 -1
23 5705 24 5897 -1
23 5706 24 5898 -1
23 5707 24 5899 -1
23 5708 24 5900 -1
23 5709 24 5901 -1
23 5710 24 5902 -1
23 5711 24 5903 -1
23 5712 24 5904 -1
23 5713 24 5905 -1
23 5714 24 5906 -1
23 5715 24 5907 -1
23 5716 24 5908 -1
23 5717 24 5909 -1
23 5718 24 5910 -1
23 5719 24 5911 -1
23 5720 24 5912 -1
23 5721 24 5913 -1
23 5722 24 5914 -1
23 5723 24 5915 -1
23 5724 24 5916 -1
23 5725 24 5917 -1
23 5726 24 5918 -1
23 5727 24 5919 -1
23 5728 24 5920 -1
23 5729 24 5921 -1
23 5730 24 5922 -1
23 5731 24 5923 -1
23 5732 24 5924 -1
23 5733 24 5925 -1
23 5734 24 5926 -1
23 5735 24 5927 -1
23 5736 24 5928 -1
23 5737 24 5929 -1
23 5738 24 5930 -1
23 5739 24 5931 -1
23 5740 24 5932 -1
23 5741 24 5933 -1
23 5742 24 5934 -1
23 5743 24 5935 -1
23 5744 24 5936 -1
23 5745 24 5937 -1
23 5746 24 5938 -1
23 5747 24 5939 -1
23 5748 24 5940 -1
23 5749 24 5941 -1
23 5750 24 5942 -1
23 5751 24 5943 -1
23 5752 24 5944 -1
23 5753 24 5945 -1
23 5754 24 5946 -1
23 5755 24 5947 -1
23 5756 24 5948 -1
23 5757 24 5949 -1
23 5758 24 5950 -1
23 5759 24 5951 -1
23 5760 24 5952 -1
24 5953 25 6145 -1
24 5954 25 6146 -1
24 5955 25 6147 -1
24 5956 25 6148 -1
24 5957 25 6149 -1
24 5958 25 6150 -1
24 5959 25 6151 -1
24 5960 25 6152 -1
24 5961 25 6153 -1
24 5962 25 6154 -1
24 5963 25 6155 -1
24 5964 25 6156 -1
24 5965 25 6157 -1
24 5966 25 6158 -1
24 5967 25 6159 -1
24 5968 25 6160 -1
24 5969 25 6161 -1
24 5970 25 6162 -1
24 5971 25 6163 -1
24 5972 25 6164 -1
24 5973 25 6165 -1
24 5974 25 6166 -1
24 5975 25 6167 -1
24 5976 25 6168 -1
24 5977 25 6169 -1
24 5978 25 6170 -1
24 5979 25 6171 -1
24 5980 25 6172 -1
24 5981 25 6173 -1
24 5982 25 6174 -1
24 5983 25 6175 -1
24 5984 25 6176 -1
24 5985 25 6177 -1
24 5986 25 6178 -1
24 5987 25 6179 -1
24 5988 25 6180 -1
24 5989 25 6181 -1
24 5990 25 6182 -1
24 5991 25 6183 -1
24 5992 25 6184 -1
24 5993 25 6185 -1
24 5994 25 6186 -1
24 5995 25 6187 -1
24 5996 25 6188 -1
24 5997 25 6189 -1
24 5998 25 6190 -1
24 5999 25 6191 -1
24 6000 25 6192 -1
24 6001 25 6193 -1
24 6002 25 6194 -1
24 6003 25 6195 -1
24 6004 25 6196 -1
24 6005 25 6197 -1
24 6006 25 6198 -1
24 6007 25 6199 -1
24 6008 25 6200 -1
24 6009 25 6201 -1
24 6010 25 6202 -1
24 6011 25 6203 -1
24 6012 25 6204 -1
24 6013 25 6205 -1
24 6014 25 6206 -1
24 6015 25 6207 -1
24 6016 25 6208 -1
25 6209 26 6401 -1
25 6210 26 6402 -1
25 6211 26 6403 -1
25 6212 26 6404 -1
25 6213 26 6405 -1
25 6214 26 6406 -1
25 6215 26 6407 -1
25 6216 26 6408 -1
25 6217 26 6409 -1
25 6218 26 6410 -1
25 6219 26 6411 -1
25 6220 26 6412 -1
25 6221 26 6413 -1
25 6222 26 6414 -1
25 6223 26 6415 -1
25 6224 26 6416 -1
25 6225 26 6417 -1
25 6226 26 6418 -1
25 6227 26 6419 -1
25 6228 26 6420 -1
25 6229 26 6421 -1
25 6230 26 6422 -1
25 6231 26 6423 -1
25 6232 26 6424 -1
25 6233 26 6425 -1
25 6234 26 6426 -1
25 6235 26 6427 -1
25 6236 26 6428 -1
25 6237 26 6429 -1
25 6238 26 6430 -1
25 6239 26 6431 -1
25 6240 26 6432 -1
25 6241 26 6433 -1
25 6242 26 6434 -1
25 6243 26 6435 -1
25 6244 26 6436 -1
25 6245 26 6437 -1
25 6246 26 6438 -1
25 6247 26 6439 -1
25 6248 26 6440 -1
25 6249 26 6441 -1
25 6250 26 6442 -1
25 6251 26 6443 -1
25 6252 26 6444 -1
25 6253 26 6445 -1
25 6254 26 6446 -1
25 6255 26 6447 -1
25 6256 26 6448 -1
25 6257 26 6449 -1
25 6258 26 6450 -1
25 6259 26 6451 -1
25 6260 26 6452 -1
25 6261 26 6453 -1
25 6262 26 6454 -1
25 6263 26 6455 -1
25 6264 26 6456 -1
25 6265 26 6457 -1
25 6266 26 6458 -1
25 6267 26 6459 -1
25 6268 26 6460 -1
25 6269 26 6461 -1
25 6270 26 6462 -1
25 6271 26 6463 -1
25 6272 26 6464 -1
26 6465 27 6657 -1
26 6466 27 6658 -1
26 6467 27 6659 -1
26 6468 27 6660 -1
26 6469 27 6661 -1
26 6470 27 6662 -1
26 6471 27 6663 -1
26 6472 27 6664 -1
26 6473 27 6665 -1
26 6474 27 6666 -1
26 6475 27 6667 -1
26 6476 27 6668 -1
26 6477 27 6669 -1
26 6478 27 6670 -1
26 6479 27 6671 -1
26 6480 27 6672 -1
26 6481 27 6673 -1
26 6482 27 6674 -1
26 6483 27 6675 -1
26 6484 27 6676 -1
26 6485 27 6677 -1
26 6486 27 6678 -1
26 6487 27 6679 -1
26 6488 27 6680 -1
26 6489 27 6681 -1
26 6490 27 6682 -1
26 6491 27 6683 -1
26 6492 27 6684 -1
26 6493 27 6685 -1
26 6494 27 6686 -1
26 6495 27 6687 -1
26 6496 27 6688 -1
26 6497 27 6689 -1
26 6498 27 6690 -1
26 6499 27 6691 -1
26 6500 27 6692 -1
26 6501 27 6693 -1
26 6502 27 6694 -1
26 6503 27 6695 -1
26 6504 27 6696 -1
26 6505 27 6697 -1
26 6506 27 6698 -1
26 6507 27 6699 -1
26 6508 27 6700 -1
26 6509 27 6701 -1
26 6510 27 6702 -1
26 6511 27 6703 -1
26 6512 27 6704 -1
26 6513 27 6705 -1
26 6514 27 6706 -1
26 6515 27 6707 -1
26 6516 27 6708 -1
26 6517 27 6709 -1
26 6518 27 6710 -1
26 6519 27 6711 -1
26 6520 27 6712 -1
26 6521 27 6713 -1
26 6522 27 6714 -1
26 6523 27 6715 -1
26 6524 27 6716 -1
26 6525 27 6717 -1
26 6526 27 6718 -1
26 6527 27 6719 -1
26 6528 27 6720 -1
27 6721 28 6913 -1
27 6722 28 6914 -1
27 6723 28 6915 -1
27 6724 28 6916 -1
27 6725 28 6917 -1
27 6726 28 6918 -1
27 6727 28 6919 -1
27 6728 28 6920 -1
27 6729 28 6921 -1
27 6730 28 6922 -1
27 6731 28 6923 -1
27 6732 28 6924 -1
27 6733 28 6925 -1
27 6734 28 6926 -1
27 6735 28 6927 -1
27 6736 28 6928 -1
27 6737 28 6929 -1
27 6738 28 6930 -1
27 6739 28 6931 -1
27 6740 28 6932 -1
27 6741 28 6933 -1
27 6742 28 6934 -1
27 6743 28 6935 -1
27 6744 28 6936 -1
27 6745 28 6937 -1
27 6746 28 6938 -1
27 6747 28 6939 -1
27 6748 28 6940 -1
27 6749 28 6941 -1
27 6750 28 6942 -1
27 6751 28 6943 -1
27 6752 28 6944 -1
27 6753 28 6945 -1
27 6754 28 6946 -1
27 6755 28 6947 -1
27 6756 28 6948 -1
27 6757 28 6949 -1
27 6758 28 6950 -1
27 6759 28 6951 -1
27 6760 28 6952 -1
27 6761 28 6953 -1
27 6762 28 6954 -1
27 6763 28 6955 -1
27 6764 28 6956 -1
27 6765 28 6957 -1
27 6766 28 6958 -1
27 6767 28 6959 -1
27 6768 28 6960 -1
27 6769 28 6961 -1
27 6770 28 6962 -1
27 6771 28 6963 -1
27 6772 28 6964 -1
27 6773 28 6965 -1
27 6774 28 6966 -1
27 6775 28 6967 -1
27 6776 28 6968 -1
27 6777 28 6969 -1
27 6778 28 6970 -1
27 6779 28 6971 -1
27 6780 28 6972 -1
27 6781 28 6973 -1
27 6782 28 6974 -1
27 6783 28 6975 -1
27 6784 28 6976 -1
28 6977 29 7169 -1
28 6978 29 7170 -1
28 6979 29 7171 -1
28 6980 29 7172 -1
28 6981 29 7173 -1
28 6982 29 7174 -1
28 6983 29 7175 -1
28 6984 29 7176 -1
28 6985 29 7177 -1
28 6986 29 7178 -1
28 6987 29 7179 -1
28 6988 29 7180 -1
28 6989 29 7181 -1
28 6990 29 7182 -1
28 6991 29 7183 -1
28 6992 29 7184 -1
28 6993 29 7185 -1
28 6994 29 7186 -1
28 6995 29 7187 -1
28 6996 29 7188 -1
28 6997 29 7189 -1
28 6998 29 7190 -1
28 6999 29 7191 -1
28 7000 29 7192 -1
28 7001 29 7193 -1
28 7002 29 7194 -1
28 7003 29 7195 -1
28 7004 29 7196 -1
28 7005 29 7197 -1
28 7006 29 7198 -1
28 7007 29 7199 -1
28 7008 29 7200 -1
28 7009 29 7201 -1
28 7010 29 7202 -1
28 7011 29 7203 -1
28 7012 29 7204 -1
28 7013 29 7205 -1
28 7014 29 7206 -1
28 7015 29 7207 -1
28 7016 29 7208 -1
28 7017 29 7209 -1
28 7018 29 7210 -1
28 7019 29 7211 -1
28 7020 29 7212 -1
28 7021 29 7213 -1
28 7022 29 7214 -1
28 7023 29 7215 -1
28 7024 29 7216 -1
28 7025 29 7217 -1
28 7026 29 7218 -1
28 7027 29 7219 -1
28 7028 29 7220 -1
28 7029 29 7221 -1
28 7030 29 7222 -1
28 7031 29 7223 -1
28 7032 29 7224 -1
28 7033 29 7225 -1
28 7034 29 7226 -1
28 7035 29 7227 -1
28 7036 29 7228 -1
28 7037 29 7229 -1
28 7038 29 7230 -1
28 7039 29 7231 -1
28 7040 29 7232 -1
29 7233 30 7425 -1
29 7234 30 7426 -1
29 7235 30 7427 -1
29 7236 30 7428 -1
29 7237 30 7429 -1
29 7238 30 7430 -1
29 7239 30 7431 -1
29 7240 30 7432 -1
29 7241 30 7433 -1
29 7242 30 7434 -1
29 7243 30 7435 -1
29 7244 30 7436 -1
29 7245 30 7437 -1
29 7246 30 7438 -1
29 7247 30 7439 -1
29 7248 30 7440 -1
29 7249 30 7441 -1
29 7250 30 7442 -1
29 7251 30 7443 -1
29 7252 30 7444 -1
29 7253 30 7445 -1
29 7254 30 7446 -1
29 7255 30 7447 -1
29 7256 30 7448 -1
29 7257 30 7449 -1
29 7258 30 7450 -1
29 7259 30 7451 -1
29 7260 30 7452 -1
29 7261 30 7453 -1
29 7262 30 7454 -1
29 7263 30 7455 -1
29 7264 30 7456 -1
29 7265 30 7457 -1
29 7266 30 7458 -1
29 7267 30 7459 -1
29 7268 30 7460 -1
29 7269 30 7461 -1
29 7270 30 7462 -1
29 7271 30 7463 -1
29 7272 30 7464 -1
29 7273 30 7465 -1
29 7274 30 7466 -1
29 7275 30 7467 -1
29 7276 30 7468 -1
29 7277 30 7469 -1
29 7278 30 7470 -1
29 7279 30 7471 -1
29 7280 30 7472 -1
29 7281 30 7473 -1
29 7282 30 7474 -1
29 7283 30 7475 -1
29 7284 30 7476 -1
29 7285 30 7477 -1
29 7286 30 7478 -1
29 7287 30 7479 -1
29 7288 30 7480 -1
29 7289 30 7481 -1
29 7290 30 7482 -1
29 7291 30 7483 -1
29 7292 30 7484 -1
29 7293 30 7485 -1
29 7294 30 7486 -1
29 7295 30 7487 -1
29 7296 30 7488 -1
30 7489 31 7681 -1
30 7490 31 7682 -1
30 7491 31 7683 -1
30 7492 31 7684 -1
30 7493 31 7685 -1
30 7494 31 7686 -1
30 7495 31 7687 -1
30 7496 31 7688 -1
30 7497 31 7689 -1
30 7498 31 7690 -1
30 7499 31 7691 -1
30 7500 31 7692 -1
30 7501 31 7693 -1
30 7502 31 7694 -1
30 7503 31 7695 -1
30 7504 31 7696 -1
30 7505 31 7697 -1
30 7506 31 7698 -1
30 7507 31 7699 -1
30 7508 31 7700 -1
30 7509 31 7701 -1
30 7510 31 7702 -1
30 7511 31 7703 -1
30 7512 31 7704 -1
30 7513 31 7705 -1
30 7514 31 7706 -1
30 7515 31 7707 -1
30 7516 31 7708 -1
30 7517 31 7709 -1
30 7518 31 7710 -1
30 7519 31 7711 -1
30 7520 31 7712 -1
30 7521 31 7713 -1
30 7522 31 7714 -1
30 7523 31 7715 -1
30 7524 31 7716 -1
30 7525 31 7717 -1
30 7526 31 7718 -1
30 7527 31 7719 -1
30 7528 31 7720 -1
30 7529 31 7721 -1
30 7530 31 7722 -1
30 7531 31 7723 -1
30 7532 31 7724 -1
30 7533 31 7725 -1
30 7534 31 7726 -1
30 7535 31 7727 -1
30 7536 31 7728 -1
30 7537 31 7729 -1
30 7538 31 7730 -1
30 7539 31 7731 -1
30 7540 31 7732 -1
30 7541 31 7733 -1
30 7542 31 7734 -1
30 7543 31 7735 -1
30 7544 31 7736 -1
30 7545 31 7737 -1
30 7546 31 7738 -1
30 7547 31 7739 -1
30 7548 31 7740 -1
30 7549 31 7741 -1
30 7550 31 7742 -1
30 7551 31 7743 -1
30 7552 31 7744 -1
31 7745 32 7937 -1
31 7746 32 7938 -1
31 7747 32 7939 -1
31 7748 32 7940 -1
31 7749 32 7941 -1
31 7750 32 7942 -1
31 7751 32 7943 -1
31 7752 32 7944 -1
31 7753 32 7945 -1
31 7754 32 7946 -1
31 7755 32 7947 -1
31 7756 32 7948 -1
31 7757 32 7949 -1
31 7758 32 7950 -1
31 7759 32 7951 -1
31 7760 32 7952 -1
31 7761 32 7953 -1
31 7762 32 7954 -1
31 7763 32 7955 -1
31 7764 32 7956 -1
31 7765 32 7957 -1
31 7766 32 7958 -1
31 7767 32 7959 -1
31 7768 32 7960 -1
31 7769 32 7961 -1
31 7770 32 7962 -1
31 7771 32 7963 -1
31 7772 32 7964 -1
31 7773 32 7965 -1
31 7774 32 7966 -1
31 7775 32 7967 -1
31 7776 32 7968 -1
31 7777 32 7969 -1
31 7778 32 7970 -1
31 7779 32 7971 -1
31 7780 32 7972 -1
31 7781 32 7973 -1
31 7782 32 7974 -1
31 7783 32 7975 -1
31 7784 32 7976 -1
31 7785 32 7977 -1
31 7786 32 7978 -1
31 7787 32 7979 -1
31 7788 32 7980 -1
31 7789 32 7981 -1
31 7790 32 7982 -1
31 7791 32 7983 -1
31 7792 32 7984 -1
31 7793 32 7985 -1
31 7794 32 7986 -1
31 7795 32 7987 -1
31 7796 32 7988 -1
31 7797 32 7989 -1
31 7798 32 7990 -1
31 7799 32 7991 -1
31 7800 32 7992 -1
31 7801 32 7993 -1
31 7802 32 7994 -1
31 7803 32 7995 -1
31 7804 32 7996 -1
31 7805 32 7997 -1
31 7806 32 7998 -1
31 7807 32 7999 -1
31 7808 32 8000 -1
32 8001 33 8193 -1
32 8002 33 8194 -1
32 8003 33 8195 -1
32 8004 33 8196 -1
32 8005 33 8197 -1
32 8006 33 8198 -1
32 8007 33 8199 -1
32 8008 33 8200 -1
32 8009 33 8201 -1
32 8010 33 8202 -1
32 8011 33 8203 -1
32 8012 33 8204 -1
32 8013 33 8205 -1
32 8014 33 8206 -1
32 8015 33 8207 -1
32 8016 33 8208 -1
32 8017 33 8209 -1
32 8018 33 8210 -1
32 8019 33 8211 -1
32 8020 33 8212 -1
32 8021 33 8213 -1
32 8022 33 8214 -1
32 8023 33 8215 -1
32 8024 33 8216 -1
32 8025 33 8217 -1
32 8026 33 8218 -1
32 8027 33 8219 -1
32 8028 33 8220 -1
32 8029 33 8221 -1
32 8030 33 8222 -1
32 8031 33 8223 -1
32 8032 33 8224 -1
32 8033 33 8225 -1
32 8034 33 8226 -1
32 8035 33 8227 -1
32 8036 33 8228 -1
32 8037 33 8229 -1
32 8038 33 8230 -1
32 8039 33 8231 -1
32 8040 33 8232 -1
32 8041 33 8233 -1
32 8042 33 8234 -1
32 8043 33 8235 -1
32 8044 33 8236 -1
32 8045 33 8237 -1
32 8046 33 8238 -1
32 8047 33 8239 -1
32 8048 33 8240 -1
32 8049 33 8241 -1
32 8050 33 8242 -1
32 8051 33 8243 -1
32 8052 33 8244 -1
32 8053 33 8245 -1
32 8054 33 8246 -1
32 8055 33 8247 -1
32 8056 33 8248 -1
32 8057 33 8249 -1
32 8058 33 8250 -1
32 8059 33 8251 -1
32 8060 33 8252 -1
32 8061 33 8253 -1
32 8062 33 8254 -1
32 8063 33 8255 -1
32 8064 33 8256 -1
33 8257 34 8449 -1
33 8258 34 8450 -1
33 8259 34 8451 -1
33 8260 34 8452 -1
33 8261 34 8453 -1
33 8262 34 8454 -1
33 8263 34 8455 -1
33 8264 34 8456 -1
33 8265 34 8457 -1
33 8266 34 8458 -1
33 8267 34 8459 -1
33 8268 34 8460 -1
33 8269 34 8461 -1
33 8270 34 8462 -1
33 8271 34 8463 -1
33 8272 34 8464 -1
33 8273 34 8465 -1
33 8274 34 8466 -1
33 8275 34 8467 -1
33 8276 34 8468 -1
33 8277 34 8469 -1
33 8278 34 8470 -1
33 8279 34 8471 -1
33 8280 34 8472 -1
33 8281 34 8473 -1
33 8282 34 8474 -1
33 8283 34 8475 -1
33 8284 34 8476 -1
33 8285 34 8477 -1
33 8286 34 8478 -1
33 8287 34 8479 -1
33 8288 34 8480 -1
33 8289 34 8481 -1
33 8290 34 8482 -1
33 8291 34 8483 -1
33 8292 34 8484 -1
33 8293 34 8485 -1
33 8294 34 8486 -1
33 8295 34 8487 -1
33 8296 34 8488 -1
33 8297 34 8489 -1
33 8298 34 8490 -1
33 8299 34 8491 -1
33 8300 34 8492 -1
33 8301 34 8493 -1
33 8302 34 8494 -1
33 8303 34 8495 -1
33 8304 34 8496 -1
33 8305 34 8497 -1
33 8306 34 8498 -1
33 8307 34 8499 -1
33 8308 34 8500 -1
33 8309 34 8501 -1
33 8310 34 8502 -1
33 8311 34 8503 -1
33 8312 34 8504 -1
33 8313 34 8505 -1
33 8314 34 8506 -1
33 8315 34 8507 -1
33 8316 34 8508 -1
33 8317 34 8509 -1
33 8318 34 8510 -1
33 8319 34 8511 -1
33 8320 34 8512 -1
34 8513 35 8705 -1
34 8514 35 8706 -1
34 8515 35 8707 -1
34 8516 35 8708 -1
34 8517 35 8709 -1
34 8518 35 8710 -1
34 8519 35 8711 -1
34 8520 35 8712 -1
34 8521 35 8713 -1
34 8522 35 8714 -1
34 8523 35 8715 -1
34 8524 35 8716 -1
34 8525 35 8717 -1
34 8526 35 8718 -1
34 8527 35 8719 -1
34 8528 35 8720 -1
34 8529 35 8721 -1
34 8530 35 8722 -1
34 8531 35 8723 -1
34 8532 35 8724 -1
34 8533 35 8725 -1
34 8534 35 8726 -1
34 8535 35 8727 -1
34 8536 35 8728 -1
34 8537 35 8729 -1
34 8538 35 8730 -1
34 8539 35 8731 -1
34 8540 35 8732 -1
34 8541 35 8733 -1
34 8542 35 8734 -1
34 8543 35 8735 -1
34 8544 35 8736 -1
34 8545 35 8737 -1
34 8546 35 8738 -1
34 8547 35 8739 -1
34 8548 35 8740 -1
34 8549 35 8741 -1
34 8550 35 8742 -1
34 8551 35 8743 -1
34 8552 35 8744 -1
34 8553 35 8745 -1
34 8554 35 8746 -1
34 8555 35 8747 -1
34 8556 35 8748 -1
34 8557 35 8749 -1
34 8558 35 8750 -1
34 8559 35 8751 -1
34 8560 35 8752 -1
34 8561 35 8753 -1
34 8562 35 8754 -1
34 8563 35 8755 -1
34 8564 35 8756 -1
34 8565 35 8757 -1
34 8566 35 8758 -1
34 8567 35 8759 -1
34 8568 35 8760 -1
34 8569 35 8761 -1
34 8570 35 8762 -1
34 8571 35 8763 -1
34 8572 35 8764 -1
34 8573 35 8765 -1
34 8574 35 8766 -1
34 8575 35 8767 -1
34 8576 35 8768 -1
35 8769 36 8961 -1
35 8770 36 8962 -1
35 8771 36 8963 -1
35 8772 36 8964 -1
35 8773 36 8965 -1
35 8774 36 8966 -1
35 8775 36 8967 -1
35 8776 36 8968 -1
35 8777 36 8969 -1
35 8778 36 8970 -1
35 8779 36 8971 -1
35 8780 36 8972 -1
35 8781 36 8973 -1
35 8782 36 8974 -1
35 8783 36 8975 -1
35 8784 36 8976 -1
35 8785 36 8977 -1
35 8786 36 8978 -1
35 8787 36 8979 -1
35 8788 36 8980 -1
35 8789 36 8981 -1
35 8790 36 8982 -1
35 8791 36 8983 -1
35 8792 36 8984 -1
35 8793 36 8985 -1
35 8794 36 8986 -1
35 8795 36 8987 -1
35 8796 36 8988 -1
35 8797 36 8989 -1
35 8798 36 8990 -1
35 8799 36 8991 -1
35 8800 36 8992 -1
35 8801 36 8993 -1
35 8802 36 8994 -1
35 8803 36 8995 -1
35 8804 36 8996 -1
35 8805 36 8997 -1
35 8806 36 8998 -1
35 8807 36 8999 -1
35 8808 36 9000 -1
35 8809 36 9001 -1
35 8810 36 9002 -1
35 8811 36 9003 -1
35 8812 36 9004 -1
35 8813 36 9005 -1
35 8814 36 9006 -1
35 8815 36 9007 -1
35 8816 36 9008 -1
35 8817 36 9009 -1
35 8818 36 9010 -1
35 8819 36 9011 -1
35 8820 36 9012 -1
35 8821 36 9013 -1
35 8822 36 9014 -1
35 8823 36 9015 -1
35 8824 36 9016 -1
35 8825 36 9017 -1
35 8826 36 9018 -1
35 8827 36 9019 -1
35 8828 36 9020 -1
35 8829 36 9021 -1
35 8830 36 9022 -1
35 8831 36 9023 -1
35 8832 36 9024 -1
36 9025 37 9217 -1
36 9026 37 9218 -1
36 9027 37 9219 -1
36 9028 37 9220 -1
36 9029 37 9221 -1
36 9030 37 9222 -1
36 9031 37 9223 -1
36 9032 37 9224 -1
36 9033 37 9225 -1
36 9034 37 9226 -1
36 9035 37 9227 -1
36 9036 37 9228 -1
36 9037 37 9229 -1
36 9038 37 9230 -1
36 9039 37 9231 -1
36 9040 37 9232 -1
36 9041 37 9233 -1
36 9042 37 9234 -1
36 9043 37 9235 -1
36 9044 37 9236 -1
36 9045 37 9237 -1
36 9046 37 9238 -1
36 9047 37 9239 -1
36 9048 37 9240 -1
36 9049 37 9241 -1
36 9050 37 9242 -1
36 9051 37 9243 -1
36 9052 37 9244 -1
36 9053 37 9245 -1
36 9054 37 9246 -1
36 9055 37 9247 -1
36 9056 37 9248 -1
36 9057 37 9249 -1
36 9058 37 9250 -1
36 9059 37 9251 -1
36 9060 37 9252 -1
36 9061 37 9253 -1
36 9062 37 9254 -1
36 9063 37 9255 -1
36 9064 37 9256 -1
36 9065 37 9257 -1
36 9066 37 9258 -1
36 9067 37 9259 -1
36 9068 37 9260 -1
36 9069 37 9261 -1
36 9070 37 9262 -1
36 9071 37 9263 -1
36 9072 37 9264 -1
36 9073 37 9265 -1
36 9074 37 9266 -1
36 9075 37 9267 -1
36 9076 37 9268 -1
36 9077 37 9269 -1
36 9078 37 9270 -1
36 9079 37 9271 -1
36 9080 37 9272 -1
36 9081 37 9273 -1
36 9082 37 9274 -1
36 9083 37 9275 -1
36 9084 37 9276 -1
36 9085 37 9277 -1
36 9086 37 9278 -1
36 9087 37 9279 -1
36 9088 37 9280 -1
37 9281 38 9473 -1
37 9282 38 9474 -1
37 9283 38 9475 -1
37 9284 38 9476 -1
37 9285 38 9477 -1
37 9286 38 9478 -1
37 9287 38 9479 -1
37 9288 38 9480 -1
37 9289 38 9481 -1
37 9290 38 9482 -1
37 9291 38 9483 -1
37 9292 38 9484 -1
37 9293 38 9485 -1
37 9294 38 9486 -1
37 9295 38 9487 -1
37 9296 38 9488 -1
37 9297 38 9489 -1
37 9298 38 9490 -1
37 9299 38 9491 -1
37 9300 38 9492 -1
37 9301 38 9493 -1
37 9302 38 9494 -1
37 9303 38 9495 -1
37 9304 38 9496 -1
37 9305 38 9497 -1
37 9306 38 9498 -1
37 9307 38 9499 -1
37 9308 38 9500 -1
37 9309 38 9501 -1
37 9310 38 9502 -1
37 9311 38 9503 -1
37 9312 38 9504 -1
37 9313 38 9505 -1
37 9314 38 9506 -1
37 9315 38 9507 -1
37 9316 38 9508 -1
37 9317 38 9509 -1
37 9318 38 9510 -1
37 9319 38 9511 -1
37 9320 38 9512 -1
37 9321 38 9513 -1
37 9322 38 9514 -1
37 9323 38 9515 -1
37 9324 38 9516 -1
37 9325 38 9517 -1
37 9326 38 9518 -1
37 9327 38 9519 -1
37 9328 38 9520 -1
37 9329 38 9521 -1
37 9330 38 9522 -1
37 9331 38 9523 -1
37 9332 38 9524 -1
37 9333 38 9525 -1
37 9334 38 9526 -1
37 9335 38 9527 -1
37 9336 38 9528 -1
37 9337 38 9529 -1
37 9338 38 9530 -1
37 9339 38 9531 -1
37 9340 38 9532 -1
37 9341 38 9533 -1
37 9342 38 9534 -1
37 9343 38 9535 -1
37 9344 38 9536 -1
38 9537 39 9729 -1
38 9538 39 9730 -1
38 9539 39 9731 -1
38 9540 39 9732 -1
38 9541 39 9733 -1
38 9542 39 9734 -1
38 9543 39 9735 -1
38 9544 39 9736 -1
38 9545 39 9737 -1
38 9546 39 9738 -1
38 9547 39 9739 -1
38 9548 39 9740 -1
38 9549 39 9741 -1
38 9550 39 9742 -1
38 9551 39 9743 -1
38 9552 39 9744 -1
38 9553 39 9745 -1
38 9554 39 9746 -1
38 9555 39 9747 -1
38 9556 39 9748 -1
38 9557 39 9749 -1
38 9558 39 9750 -1
38 9559 39 9751 -1
38 9560 39 9752 -1
38 9561 39 9753 -1
38 9562 39 9754 -1
38 9563 39 9755 -1
38 9564 39 9756 -1
38 9565 39 9757 -1
38 9566 39 9758 -1
38 9567 39 9759 -1
38 9568 39 9760 -1
38 9569 39 9761 -1
38 9570 39 9762 -1
38 9571 39 9763 -1
38 9572 39 9764 -1
38 9573 39 9765 -1
38 9574 39 9766 -1
38 9575 39 9767 -1
38 9576 39 9768 -1
38 9577 39 9769 -1
38 9578 39 9770 -1
38 9579 39 9771 -1
38 9580 39 9772 -1
38 9581 39 9773 -1
38 9582 39 9774 -1
38 9583 39 9775 -1
38 9584 39 9776 -1
38 9585 39 9777 -1
38 9586 39 9778 -1
38 9587 39 9779 -1
38 9588 39 9780 -1
38 9589 39 9781 -1
38 9590 39 9782 -1
38 9591 39 9783 -1
38 9592 39 9784 -1
38 9593 39 9785 -1
38 9594 39 9786 -1
38 9595 39 9787 -1
38 9596 39 9788 -1
38 9597 39 9789 -1
38 9598 39 9790 -1
38 9599 39 9791 -1
38 9600 39 9792 -1
39 9793 40 9985 -1
39 9794 40 9986 -1
39 9795 40 9987 -1
39 9796 40 9988 -1
39 9797 40 9989 -1
39 9798 40 9990 -1
39 9799 40 9991 -1
39 9800 40 9992 -1
39 9801 40 9993 -1
39 9802 40 9994 -1
39 9803 40 9995 -1
39 9804 40 9996 -1
39 9805 40 9997 -1
39 9806 40 9998 -1
39 9807 40 9999 -1
39 9808 40 10000 -1
39 9809 40 10001 -1
39 9810 40 10002 -1
39 9811 40 10003 -1
39 9812 40 10004 -1
39 9813 40 10005 -1
39 9814 40 10006 -1
39 9815 40 10007 -1
39 9816 40 10008 -1
39 9817 40 10009 -1
39 9818 40 10010 -1
39 9819 40 10011 -1
39 9820 40 10012 -1
39 9821 40 10013 -1
39 9822 40 10014 -1
39 9823 40 10015 -1
39 9824 40 10016 -1
39 9825 40 10017 -1
39 9826 40 10018 -1
39 9827 40 10019 -1
39 9828 40 10020 -1
39 9829 40 10021 -1
39 9830 40 10022 -1
39 9831 40 10023 -1
39 9832 40 10024 -1
39 9833 40 10025 -1
39 9834 40 10026 -1
39 9835 40 10027 -1
39 9836 40 10028 -1
39 9837 40 10029 -1
39 9838 40 10030 -1
39 9839 40 10031 -1
39 9840 40 10032 -1
39 9841 40 10033 -1
39 9842 40 10034 -1
39 9843 40 10035 -1
39 9844 40 10036 -1
39 9845 40 10037 -1
39 9846 40 10038 -1
39 9847 40 10039 -1
39 9848 40 10040 -1
39 9849 40 10041 -1
39 9850 40 10042 -1
39 9851 40 10043 -1
39 9852 40 10044 -1
39 9853 40 10045 -1
39 9854 40 10046 -1
39 9855 40 10047 -1
39 9856 40 10048 -1
40 10049 41 10241 -1
40 10050 41 10242 -1
40 10051 41 10243 -1
40 10052 41 10244 -1
40 10053 41 10245 -1
40 10054 41 10246 -1
40 10055 41 10247 -1
40 10056 41 10248 -1
40 10057 41 10249 -1
40 10058 41 10250 -1
40 10059 41 10251 -1
40 10060 41 10252 -1
40 10061 41 10253 -1
40 10062 41 10254 -1
40 10063 41 10255 -1
40 10064 41 10256 -1
40 10065 41 10257 -1
40 10066 41 10258 -1
40 10067 41 10259 -1
40 10068 41 10260 -1
40 10069 41 10261 -1
40 10070 41 10262 -1
40 10071 41 10263 -1
40 10072 41 10264 -1
40 10073 41 10265 -1
40 10074 41 10266 -1
40 10075 41 10267 -1
40 10076 41 10268 -1
40 10077 41 10269 -1
40 10078 41 10270 -1
40 10079 41 10271 -1
40 10080 41 10272 -1
40 10081 41 10273 -1
40 10082 41 10274 -1
40 10083 41 10275 -1
40 10084 41 10276 -1
40 10085 41 10277 -1
40 10086 41 10278 -1
40 10087 41 10279 -1
40 10088 41 10280 -1
40 10089 41 10281 -1
40 10090 41 10282 -1
40 10091 41 10283 -1
40 10092 41 10284 -1
40 10093 41 10285 -1
40 10094 41 10286 -1
40 10095 41 10287 -1
40 10096 41 10288 -1
40 10097 41 10289 -1
40 10098 41 10290 -1
40 10099 41 10291 -1
40 10100 41 10292 -1
40 10101 41 10293 -1
40 10102 41 10294 -1
40 10103 41 10295 -1
40 10104 41 10296 -1
40 10105 41 10297 -1
40 10106 41 10298 -1
40 10107 41 10299 -1
40 10108 41 10300 -1
40 10109 41 10301 -1
40 10110 41 10302 -1
40 10111 41 10303 -1
40 10112 41 10304 -1
41 10305 42 10497 -1
41 10306 42 10498 -1
41 10307 42 10499 -1
41 10308 42 10500 -1
41 10309 42 10501 -1
41 10310 42 10502 -1
41 10311 42 10503 -1
41 10312 42 10504 -1
41 10313 42 10505 -1
41 10314 42 10506 -1
41 10315 42 10507 -1
41 10316 42 10508 -1
41 10317 42 10509 -1
41 10318 42 10510 -1
41 10319 42 10511 -1
41 10320 42 10512 -1
41 10321 42 10513 -1
41 10322 42 10514 -1
41 10323 42 10515 -1
41 10324 42 10516 -1
41 10325 42 10517 -1
41 10326 42 10518 -1
41 10327 42 10519 -1
41 10328 42 10520 -1
41 10329 42 10521 -1
41 10330 42 10522 -1
41 10331 42 10523 -1
41 10332 42 10524 -1
41 10333 42 10525 -1
41 10334 42 10526 -1
41 10335 42 10527 -1
41 10336 42 10528 -1
41 10337 42 10529 -1
41 10338 42 10530 -1
41 10339 42 10531 -1
41 10340 42 10532 -1
41 10341 42 10533 -1
41 10342 42 10534 -1
41 10343 42 10535 -1
41 10344 42 10536 -1
41 10345 42 10537 -1
41 10346 42 10538 -1
41 10347 42 10539 -1
41 10348 42 10540 -1
41 10349 42 10541 -1
41 10350 42 10542 -1
41 10351 42 10543 -1
41 10352 42 10544 -1
41 10353 42 10545 -1
41 10354 42 10546 -1
41 10355 42 10547 -1
41 10356 42 10548 -1
41 10357 42 10549 -1
41 10358 42 10550 -1
41 10359 42 10551 -1
41 10360 42 10552 -1
41 10361 42 10553 -1
41 10362 42 10554 -1
41 10363 42 10555 -1
41 10364 42 10556 -1
41 10365 42 10557 -1
41 10366 42 10558 -1
41 10367 42 10559 -1
41 10368 42 10560 -1
42 10561 43 10753 -1
42 10562 43 10754 -1
42 10563 43 10755 -1
42 10564 43 10756 -1
42 10565 43 10757 -1
42 10566 43 10758 -1
42 10567 43 10759 -1
42 10568 43 10760 -1
42 10569 43 10761 -1
42 10570 43 10762 -1
42 10571 43 10763 -1
42 10572 43 10764 -1
42 10573 43 10765 -1
42 10574 43 10766 -1
42 10575 43 10767 -1
42 10576 43 10768 -1
42 10577 43 10769 -1
42 10578 43 10770 -1
42 10579 43 10771 -1
42 10580 43 10772 -1
42 10581 43 10773 -1
42 10582 43 10774 -1
42 10583 43 10775 -1
42 10584 43 10776 -1
42 10585 43 10777 -1
42 10586 43 10778 -1
42 10587 43 10779 -1
42 10588 43 10780 -1
42 10589 43 10781 -1
42 10590 43 10782 -1
42 10591 43 10783 -1
42 10592 43 10784 -1
42 10593 43 10785 -1
42 10594 43 10786 -1
42 10595 43 10787 -1
42 10596 43 10788 -1
42 10597 43 10789 -1
42 10598 43 10790 -1
42 10599 43 10791 -1
42 10600 43 10792 -1
42 10601 43 10793 -1
42 10602 43 10794 -1
42 10603 43 10795 -1
42 10604 43 10796 -1
42 10605 43 10797 -1
42 10606 43 10798 -1
42 10607 43 10799 -1
42 10608 43 10800 -1
42 10609 43 10801 -1
42 10610 43 10802 -1
42 10611 43 10803 -1
42 10612 43 10804 -1
42 10613 43 10805 -1
42 10614 43 10806 -1
42 10615 43 10807 -1
42 10616 43 10808 -1
42 10617 43 10809 -1
42 10618 43 10810 -1
42 10619 43 10811 -1
42 10620 43 10812 -1
42 10621 43 10813 -1
42 10622 43 10814 -1
42 10623 43 10815 -1
42 10624 43 10816 -1
43 10817 44 11009 -1
43 10818 44 11010 -1
43 10819 44 11011 -1
43 10820 44 11012 -1
43 10821 44 11013 -1
43 10822 44 11014 -1
43 10823 44 11015 -1
43 10824 44 11016 -1
43 10825 44 11017 -1
43 10826 44 11018 -1
43 10827 44 11019 -1
43 10828 44 11020 -1
43 10829 44 11021 -1
43 10830 44 11022 -1
43 10831 44 11023 -1
43 10832 44 11024 -1
43 10833 44 11025 -1
43 10834 44 11026 -1
43 10835 44 11027 -1
43 10836 44 11028 -1
43 10837 44 11029 -1
43 10838 44 11030 -1
43 10839 44 11031 -1
43 10840 44 11032 -1
43 10841 44 11033 -1
43 10842 44 11034 -1
43 10843 44 11035 -1
43 10844 44 11036 -1
43 10845 44 11037 -1
43 10846 44 11038 -1
43 10847 44 11039 -1
43 10848 44 11040 -1
43 10849 44 11041 -1
43 10850 44 11042 -1
43 10851 44 11043 -1
43 10852 44 11044 -1
43 10853 44 11045 -1
43 10854 44 11046 -1
43 10855 44 11047 -1
43 10856 44 11048 -1
43 10857 44 11049 -1
43 10858 44 11050 -1
43 10859 44 11051 -1
43 10860 44 11052 -1
43 10861 44 11053 -1
43 10862 44 11054 -1
43 10863 44 11055 -1
43 10864 44 11056 -1
43 10865 44 11057 -1
43 10866 44 11058 -1
43 10867 44 11059 -1
43 10868 44 11060 -1
43 10869 44 11061 -1
43 10870 44 11062 -1
43 10871 44 11063 -1
43 10872 44 11064 -1
43 10873 44 11065 -1
43 10874 44 11066 -1
43 10875 44 11067 -1
43 10876 44 11068 -1
43 10877 44 11069 -1
43 10878 44 11070 -1
43 10879 44 11071 -1
43 10880 44 11072 -1
44 11073 45 11265 -1
44 11074 45 11266 -1
44 11075 45 11267 -1
44 11076 45 11268 -1
44 11077 45 11269 -1
44 11078 45 11270 -1
44 11079 45 11271 -1
44 11080 45 11272 -1
44 11081 45 11273 -1
44 11082 45 11274 -1
44 11083 45 11275 -1
44 11084 45 11276 -1
44 11085 45 11277 -1
44 11086 45 11278 -1
44 11087 45 11279 -1
44 11088 45 11280 -1
44 11089 45 11281 -1
44 11090 45 11282 -1
44 11091 45 11283 -1
44 11092 45 11284 -1
44 11093 45 11285 -1
44 11094 45 11286 -1
44 11095 45 11287 -1
44 11096 45 11288 -1
44 11097 45 11289 -1
44 11098 45 11290 -1
44 11099 45 11291 -1
44 11100 45 11292 -1
44 11101 45 11293 -1
44 11102 45 11294 -1
44 11103 45 11295 -1
44 11104 45 11296 -1
44 11105 45 11297 -1
44 11106 45 11298 -1
44 11107 45 11299 -1
44 11108 45 11300 -1
44 11109 45 11301 -1
44 11110 45 11302 -1
44 11111 45 11303 -1
44 11112 45 11304 -1
44 11113 45 11305 -1
44 11114 45 11306 -1
44 11115 45 11307 -1
44 11116 45 11308 -1
44 11117 45 11309 -1
44 11118 45 11310 -1
44 11119 45 11311 -1
44 11120 45 11312 -1
44 11121 45 11313 -1
44 11122 45 11314 -1
44 11123 45 11315 -1
44 11124 45 11316 -1
44 11125 45 11317 -1
44 11126 45 11318 -1
44 11127 45 11319 -1
44 11128 45 11320 -1
44 11129 45 11321 -1
44 11130 45 11322 -1
44 11131 45 11323 -1
44 11132 45 11324 -1
44 11133 45 11325 -1
44 11134 45 11326 -1
44 11135 45 11327 -1
44 11136 45 11328 -1
45 11329 46 11521 -1
45 11330 46 11522 -1
45 11331 46 11523 -1
45 11332 46 11524 -1
45 11333 46 11525 -1
45 11334 46 11526 -1
45 11335 46 11527 -1
45 11336 46 11528 -1
45 11337 46 11529 -1
45 11338 46 11530 -1
45 11339 46 11531 -1
45 11340 46 11532 -1
45 11341 46 11533 -1
45 11342 46 11534 -1
45 11343 46 11535 -1
45 11344 46 11536 -1
45 11345 46 11537 -1
45 11346 46 11538 -1
45 11347 46 11539 -1
45 11348 46 11540 -1
45 11349 46 11541 -1
45 11350 46 11542 -1
45 11351 46 11543 -1
45 11352 46 11544 -1
45 11353 46 11545 -1
45 11354 46 11546 -1
45 11355 46 11547 -1
45 11356 46 11548 -1
45 11357 46 11549 -1
45 11358 46 11550 -1
45 11359 46 11551 -1
45 11360 46 11552 -1
45 11361 46 11553 -1
45 11362 46 11554 -1
45 11363 46 11555 -1
45 11364 46 11556 -1
45 11365 46 11557 -1
45 11366 46 11558 -1
45 11367 46 11559 -1
45 11368 46 11560 -1
45 11369 46 11561 -1
45 11370 46 11562 -1
45 11371 46 11563 -1
45 11372 46 11564 -1
45 11373 46 11565 -1
45 11374 46 11566 -1
45 11375 46 11567 -1
45 11376 46 11568 -1
45 11377 46 11569 -1
45 11378 46 11570 -1
45 11379 46 11571 -1
45 11380 46 11572 -1
45 11381 46 11573 -1
45 11382 46 11574 -1
45 11383 46 11575 -1
45 11384 46 11576 -1
45 11385 46 11577 -1
45 11386 46 11578 -1
45 11387 46 11579 -1
45 11388 46 11580 -1
45 11389 46 11581 -1
45 11390 46 11582 -1
45 11391 46 11583 -1
45 11392 46 11584 -1
46 11585 47 11777 -1
46 11586 47 11778 -1
46 11587 47 11779 -1
46 11588 47 11780 -1
46 11589 47 11781 -1
46 11590 47 11782 -1
46 11591 47 11783 -1
46 11592 47 11784 -1
46 11593 47 11785 -1
46 11594 47 11786 -1
46 11595 47 11787 -1
46 11596 47 11788 -1
46 11597 47 11789 -1
46 11598 47 11790 -1
46 11599 47 11791 -1
46 11600 47 11792 -1
46 11601 47 11793 -1
46 11602 47 11794 -1
46 11603 47 11795 -1
46 11604 47 11796 -1
46 11605 47 11797 -1
46 11606 47 11798 -1
46 11607 47 11799 -1
46 11608 47 11800 -1
46 11609 47 11801 -1
46 11610 47 11802 -1
46 11611 47 11803 -1
46 11612 47 11804 -1
46 11613 47 11805 -1
46 11614 47 11806 -1
46 11615 47 11807 -1
46 11616 47 11808 -1
46 11617 47 11809 -1
46 11618 47 11810 -1
46 11619 47 11811 -1
46 11620 47 11812 -1
46 11621 47 11813 -1
46 11622 47 11814 -1
46 11623 47 11815 -1
46 11624 47 11816 -1
46 11625 47 11817 -1
46 11626 47 11818 -1
46 11627 47 11819 -1
46 11628 47 11820 -1
46 11629 47 11821 -1
46 11630 47 11822 -1
46 11631 47 11823 -1
46 11632 47 11824 -1
46 11633 47 11825 -1
46 11634 47 11826 -1
46 11635 47 11827 -1
46 11636 47 11828 -1
46 11637 47 11829 -1
46 11638 47 11830 -1
46 11639 47 11831 -1
46 11640 47 11832 -1
46 11641 47 11833 -1
46 11642 47 11834 -1
46 11643 47 11835 -1
46 11644 47 11836 -1
46 11645 47 11837 -1
46 11646 47 11838 -1
46 11647 47 11839 -1
46 11648 47 11840 -1
47 11841 48 12033 -1
47 11842 48 12034 -1
47 11843 48 12035 -1
47 11844 48 12036 -1
47 11845 48 12037 -1
47 11846 48 12038 -1
47 11847 48 12039 -1
47 11848 48 12040 -1
47 11849 48 12041 -1
47 11850 48 12042 -1
47 11851 48 12043 -1
47 11852 48 12044 -1
47 11853 48 12045 -1
47 11854 48 12046 -1
47 11855 48 12047 -1
47 11856 48 12048 -1
47 11857 48 12049 -1
47 11858 48 12050 -1
47 11859 48 12051 -1
47 11860 48 12052 -1
47 11861 48 12053 -1
47 11862 48 12054 -1
47 11863 48 12055 -1
47 11864 48 12056 -1
47 11865 48 12057 -1
47 11866 48 12058 -1
47 11867 48 12059 -1
47 11868 48 12060 -1
47 11869 48 12061 -1
47 11870 48 12062 -1
47 11871 48 12063 -1
47 11872 48 12064 -1
47 11873 48 12065 -1
47 11874 48 12066 -1
47 11875 48 12067 -1
47 11876 48 12068 -1
47 11877 48 12069 -1
47 11878 48 12070 -1
47 11879 48 12071 -1
47 11880 48 12072 -1
47 11881 48 12073 -1
47 11882 48 12074 -1
47 11883 48 12075 -1
47 11884 48 12076 -1
47 11885 48 12077 -1
47 11886 48 12078 -1
47 11887 48 12079 -1
47 11888 48 12080 -1
47 11889 48 12081 -1
47 11890 48 12082 -1
47 11891 48 12083 -1
47 11892 48 12084 -1
47 11893 48 12085 -1
47 11894 48 12086 -1
47 11895 48 12087 -1
47 11896 48 12088 -1
47 11897 48 12089 -1
47 11898 48 12090 -1
47 11899 48 12091 -1
47 11900 48 12092 -1
47 11901 48 12093 -1
47 11902 48 12094 -1
47 11903 48 12095 -1
47 11904 48 12096 -1
48 12097 49 12289 -1
48 12098 49 12290 -1
48 12099 49 12291 -1
48 12100 49 12292 -1
48 12101 49 12293 -1
48 12102 49 12294 -1
48 12103 49 12295 -1
48 12104 49 12296 -1
48 12105 49 12297 -1
48 12106 49 12298 -1
48 12107 49 12299 -1
48 12108 49 12300 -1
48 12109 49 12301 -1
48 12110 49 12302 -1
48 12111 49 12303 -1
48 12112 49 12304 -1
48 12113 49 12305 -1
48 12114 49 12306 -1
48 12115 49 12307 -1
48 12116 49 12308 -1
48 12117 49 12309 -1
48 12118 49 12310 -1
48 12119 49 12311 -1
48 12120 49 12312 -1
48 12121 49 12313 -1
48 12122 49 12314 -1
48 12123 49 12315 -1
48 12124 49 12316 -1
48 12125 49 12317 -1
48 12126 49 12318 -1
48 12127 49 12319 -1
48 12128 49 12320 -1
48 12129 49 12321 -1
48 12130 49 12322 -1
48 12131 49 12323 -1
48 12132 49 12324 -1
48 12133 49 12325 -1
48 12134 49 12326 -1
48 12135 49 12327 -1
48 12136 49 12328 -1
48 12137 49 12329 -1
48 12138 49 12330 -1
48 12139 49 12331 -1
48 12140 49 12332 -1
48 12141 49 12333 -1
48 12142 49 12334 -1
48 12143 49 12335 -1
48 12144 49 12336 -1
48 12145 49 12337 -1
48 12146 49 12338 -1
48 12147 49 12339 -1
48 12148 49 12340 -1
48 12149 49 12341 -1
48 12150 49 12342 -1
48 12151 49 12343 -1
48 12152 49 12344 -1
48 12153 49 12345 -1
48 12154 49 12346 -1
48 12155 49 12347 -1
48 12156 49 12348 -1
48 12157 49 12349 -1
48 12158 49 12350 -1
48 12159 49 12351 -1
48 12160 49 12352 -1
49 12353 50 12545 -1
49 12354 50 12546 -1
49 12355 50 12547 -1
49 12356 50 12548 -1
49 12357 50 12549 -1
49 12358 50 12550 -1
49 12359 50 12551 -1
49 12360 50 12552 -1
49 12361 50 12553 -1
49 12362 50 12554 -1
49 12363 50 12555 -1
49 12364 50 12556 -1
49 12365 50 12557 -1
49 12366 50 12558 -1
49 12367 50 12559 -1
49 12368 50 12560 -1
49 12369 50 12561 -1
49 12370 50 12562 -1
49 12371 50 12563 -1
49 12372 50 12564 -1
49 12373 50 12565 -1
49 12374 50 12566 -1
49 12375 50 12567 -1
49 12376 50 12568 -1
49 12377 50 12569 -1
49 12378 50 12570 -1
49 12379 50 12571 -1
49 12380 50 12572 -1
49 12381 50 12573 -1
49 12382 50 12574 -1
49 12383 50 12575 -1
49 12384 50 12576 -1
49 12385 50 12577 -1
49 12386 50 12578 -1
49 12387 50 12579 -1
49 12388 50 12580 -1
49 12389 50 12581 -1
49 12390 50 12582 -1
49 12391 50 12583 -1
49 12392 50 12584 -1
49 12393 50 12585 -1
49 12394 50 12586 -1
49 12395 50 12587 -1
49 12396 50 12588 -1
49 12397 50 12589 -1
49 12398 50 12590 -1
49 12399 50 12591 -1
49 12400 50 12592 -1
49 12401 50 12593 -1
49 12402 50 12594 -1
49 12403 50 12595 -1
49 12404 50 12596 -1
49 12405 50 12597 -1
49 12406 50 12598 -1
49 12407 50 12599 -1
49 12408 50 12600 -1
49 12409 50 12601 -1
49 12410 50 12602 -1
49 12411 50 12603 -1
49 12412 50 12604 -1
49 12413 50 12605 -1
49 12414 50 12606 -1
49 12415 50 12607 -1
49 12416 50 12608 -1
