   2.000000000000000,
   0.000000000000000,
   0.000000000000000,
   0.000000000000000,
   0.000000000000000,
   0.000000000000000,
   0.000000000000000,
   0.000000000000000,
   0.000000000000000,
   0.000000000000000,
   0.000000000000000,
   0.000000000000000,
   0.000000000000000,
   0.000000000000000,
   0.000000000000000,
   0.000000000000000,
   0.000000000000000,
   0.000000000000000,
   0.000000000000000,
   0.000000000000000,
   0.000000000000000,
   0.000000000000000,
   0.000000000000000,
   0.000000000000000,
   0.000000000000000,
   0.000000000000000,
   0.000000000000000,
   0.000000000000000,
   0.000000000000000,
   0.000000000000000,
   0.000000000000000,
   0.000000000000000,
   0.000000000000000,
   0.000000000000000,
   0.000000000000000,
   0.000000000000000,
   0.000000000000000,
   0.000000000000000,
   0.000000000000000,
   0.000000000000000,
   1.000000000000000,
   1.000000000000000,
   0.000000000000000,
   0.000000000000000,
   0.000000000000000,
   0.000000000000000,
   0.000000000000000,
   0.000000000000000,
   0.000000000000000,
   0.000000000000000,
   0.000000000000000,
   0.000000000000000,
   0.000000000000000,
   0.000000000000000,
   0.000000000000000,
   0.000000000000000,
   0.000000000000000,
   0.000000000000000,
   0.000000000000000,
   0.000000000000000,
   0.000000000000000,
   0.000000000000000,
   0.000000000000000,
   0.000000000000000,
   0.000000000000000,
   0.000000000000000,
   0.000000000000000,
   0.000000000000000,
   0.000000000000000,
   0.000000000000000,
   0.000000000000000,
   0.000000000000000,
   0.000000000000000,
   0.000000000000000,
   0.000000000000000,
   0.000000000000000,
   0.000000000000000,
   0.000000000000000,
   0.000000000000000,
   0.000000000000000,
   0.555555555555555,
   0.888888888888889,
   0.555555555555555,
   0.000000000000000,
   0.000000000000000,
   0.000000000000000,
   0.000000000000000,
   0.000000000000000,
   0.000000000000000,
   0.000000000000000,
   0.000000000000000,
   0.000000000000000,
   0.000000000000000,
   0.000000000000000,
   0.000000000000000,
   0.000000000000000,
   0.000000000000000,
   0.000000000000000,
   0.000000000000000,
   0.000000000000000,
   0.000000000000000,
   0.000000000000000,
   0.000000000000000,
   0.000000000000000,
   0.000000000000000,
   0.000000000000000,
   0.000000000000000,
   0.000000000000000,
   0.000000000000000,
   0.000000000000000,
   0.000000000000000,
   0.000000000000000,
   0.000000000000000,
   0.000000000000000,
   0.000000000000000,
   0.000000000000000,
   0.000000000000000,
   0.000000000000000,
   0.000000000000000,
   0.000000000000000,
   0.347854845137454,
   0.652145154862546,
   0.652145154862546,
   0.347854845137454,
   0.000000000000000,
   0.000000000000000,
   0.000000000000000,
   0.000000000000000,
   0.000000000000000,
   0.000000000000000,
   0.000000000000000,
   0.000000000000000,
   0.000000000000000,
   0.000000000000000,
   0.000000000000000,
   0.000000000000000,
   0.000000000000000,
   0.000000000000000,
   0.000000000000000,
   0.000000000000000,
   0.000000000000000,
   0.000000000000000,
   0.000000000000000,
   0.000000000000000,
   0.000000000000000,
   0.000000000000000,
   0.000000000000000,
   0.000000000000000,
   0.000000000000000,
   0.000000000000000,
   0.000000000000000,
   0.000000000000000,
   0.000000000000000,
   0.000000000000000,
   0.000000000000000,
   0.000000000000000,
   0.000000000000000,
   0.000000000000000,
   0.000000000000000,
   0.000000000000000,
   0.236926885056189,
   0.478628670499367,
   0.568888888888889,
   0.478628670499367,
   0.236926885056189,
   0.000000000000000,
   0.000000000000000,
   0.000000000000000,
   0.000000000000000,
   0.000000000000000,
   0.000000000000000,
   0.000000000000000,
   0.000000000000000,
   0.000000000000000,
   0.000000000000000,
   0.000000000000000,
   0.000000000000000,
   0.000000000000000,
   0.000000000000000,
   0.000000000000000,
   0.000000000000000,
   0.000000000000000,
   0.000000000000000,
   0.000000000000000,
   0.000000000000000,
   0.000000000000000,
   0.000000000000000,
   0.000000000000000,
   0.000000000000000,
   0.000000000000000,
   0.000000000000000,
   0.000000000000000,
   0.000000000000000,
   0.000000000000000,
   0.000000000000000,
   0.000000000000000,
   0.000000000000000,
   0.000000000000000,
   0.000000000000000,
   0.000000000000000,
   0.171324492379170,
   0.360761573048139,
   0.467913934572691,
   0.467913934572691,
   0.360761573048138,
   0.171324492379171,
   0.000000000000000,
   0.000000000000000,
   0.000000000000000,
   0.000000000000000,
   0.000000000000000,
   0.000000000000000,
   0.000000000000000,
   0.000000000000000,
   0.000000000000000,
   0.000000000000000,
   0.000000000000000,
   0.000000000000000,
   0.000000000000000,
   0.000000000000000,
   0.000000000000000,
   0.000000000000000,
   0.000000000000000,
   0.000000000000000,
   0.000000000000000,
   0.000000000000000,
   0.000000000000000,
   0.000000000000000,
   0.000000000000000,
   0.000000000000000,
   0.000000000000000,
   0.000000000000000,
   0.000000000000000,
   0.000000000000000,
   0.000000000000000,
   0.000000000000000,
   0.000000000000000,
   0.000000000000000,
   0.000000000000000,
   0.000000000000000,
   0.129484966168869,
   0.279705391489276,
   0.381830050505119,
   0.417959183673469,
   0.381830050505119,
   0.279705391489277,
   0.129484966168869,
   0.000000000000000,
   0.000000000000000,
   0.000000000000000,
   0.000000000000000,
   0.000000000000000,
   0.000000000000000,
   0.000000000000000,
   0.000000000000000,
   0.000000000000000,
   0.000000000000000,
   0.000000000000000,
   0.000000000000000,
   0.000000000000000,
   0.000000000000000,
   0.000000000000000,
   0.000000000000000,
   0.000000000000000,
   0.000000000000000,
   0.000000000000000,
   0.000000000000000,
   0.000000000000000,
   0.000000000000000,
   0.000000000000000,
   0.000000000000000,
   0.000000000000000,
   0.000000000000000,
   0.000000000000000,
   0.000000000000000,
   0.000000000000000,
   0.000000000000000,
   0.000000000000000,
   0.000000000000000,
   0.000000000000000,
   0.101228536290376,
   0.222381034453374,
   0.313706645877887,
   0.362683783378363,
   0.362683783378362,
   0.313706645877887,
   0.222381034453374,
   0.101228536290376,
   0.000000000000000,
   0.000000000000000,
   0.000000000000000,
   0.000000000000000,
   0.000000000000000,
   0.000000000000000,
   0.000000000000000,
   0.000000000000000,
   0.000000000000000,
   0.000000000000000,
   0.000000000000000,
   0.000000000000000,
   0.000000000000000,
   0.000000000000000,
   0.000000000000000,
   0.000000000000000,
   0.000000000000000,
   0.000000000000000,
   0.000000000000000,
   0.000000000000000,
   0.000000000000000,
   0.000000000000000,
   0.000000000000000,
   0.000000000000000,
   0.000000000000000,
   0.000000000000000,
   0.000000000000000,
   0.000000000000000,
   0.000000000000000,
   0.000000000000000,
   0.000000000000000,
   0.000000000000000,
   0.081274388361575,
   0.180648160694857,
   0.260610696402936,
   0.312347077040002,
   0.330239355001259,
   0.312347077040002,
   0.260610696402936,
   0.180648160694857,
   0.081274388361574,
   0.000000000000000,
   0.000000000000000,
   0.000000000000000,
   0.000000000000000,
   0.000000000000000,
   0.000000000000000,
   0.000000000000000,
   0.000000000000000,
   0.000000000000000,
   0.000000000000000,
   0.000000000000000,
   0.000000000000000,
   0.000000000000000,
   0.000000000000000,
   0.000000000000000,
   0.000000000000000,
   0.000000000000000,
   0.000000000000000,
   0.000000000000000,
   0.000000000000000,
   0.000000000000000,
   0.000000000000000,
   0.000000000000000,
   0.000000000000000,
   0.000000000000000,
   0.000000000000000,
   0.000000000000000,
   0.000000000000000,
   0.000000000000000,
   0.000000000000000,
   0.000000000000000,
   0.066671344308688,
   0.149451349150581,
   0.219086362515982,
   0.269266719309996,
   0.295524224714753,
   0.295524224714753,
   0.269266719309995,
   0.219086362515982,
   0.149451349150580,
   0.066671344308688,
   0.000000000000000,
   0.000000000000000,
   0.000000000000000,
   0.000000000000000,
   0.000000000000000,
   0.000000000000000,
   0.000000000000000,
   0.000000000000000,
   0.000000000000000,
   0.000000000000000,
   0.000000000000000,
   0.000000000000000,
   0.000000000000000,
   0.000000000000000,
   0.000000000000000,
   0.000000000000000,
   0.000000000000000,
   0.000000000000000,
   0.000000000000000,
   0.000000000000000,
   0.000000000000000,
   0.000000000000000,
   0.000000000000000,
   0.000000000000000,
   0.000000000000000,
   0.000000000000000,
   0.000000000000000,
   0.000000000000000,
   0.000000000000000,
   0.000000000000000,
   0.055668567116174,
   0.125580369464904,
   0.186290210927735,
   0.233193764591990,
   0.262804544510246,
   0.272925086777901,
   0.262804544510247,
   0.233193764591991,
   0.186290210927735,
   0.125580369464904,
   0.055668567116174,
   0.000000000000000,
   0.000000000000000,
   0.000000000000000,
   0.000000000000000,
   0.000000000000000,
   0.000000000000000,
   0.000000000000000,
   0.000000000000000,
   0.000000000000000,
   0.000000000000000,
   0.000000000000000,
   0.000000000000000,
   0.000000000000000,
   0.000000000000000,
   0.000000000000000,
   0.000000000000000,
   0.000000000000000,
   0.000000000000000,
   0.000000000000000,
   0.000000000000000,
   0.000000000000000,
   0.000000000000000,
   0.000000000000000,
   0.000000000000000,
   0.000000000000000,
   0.000000000000000,
   0.000000000000000,
   0.000000000000000,
   0.000000000000000,
   0.047175336386512,
   0.106939325995318,
   0.160078328543346,
   0.203167426723066,
   0.233492536538355,
   0.249147045813403,
   0.249147045813404,
   0.233492536538355,
   0.203167426723066,
   0.160078328543347,
   0.106939325995318,
   0.047175336386512,
   0.000000000000000,
   0.000000000000000,
   0.000000000000000,
   0.000000000000000,
   0.000000000000000,
   0.000000000000000,
   0.000000000000000,
   0.000000000000000,
   0.000000000000000,
   0.000000000000000,
   0.000000000000000,
   0.000000000000000,
   0.000000000000000,
   0.000000000000000,
   0.000000000000000,
   0.000000000000000,
   0.000000000000000,
   0.000000000000000,
   0.000000000000000,
   0.000000000000000,
   0.000000000000000,
   0.000000000000000,
   0.000000000000000,
   0.000000000000000,
   0.000000000000000,
   0.000000000000000,
   0.000000000000000,
   0.000000000000000,
   0.040484004765316,
   0.092121499837728,
   0.138873510219787,
   0.178145980761946,
   0.207816047536888,
   0.226283180262897,
   0.232551553230874,
   0.226283180262897,
   0.207816047536888,
   0.178145980761945,
   0.138873510219788,
   0.092121499837728,
   0.040484004765316,
   0.000000000000000,
   0.000000000000000,
   0.000000000000000,
   0.000000000000000,
   0.000000000000000,
   0.000000000000000,
   0.000000000000000,
   0.000000000000000,
   0.000000000000000,
   0.000000000000000,
   0.000000000000000,
   0.000000000000000,
   0.000000000000000,
   0.000000000000000,
   0.000000000000000,
   0.000000000000000,
   0.000000000000000,
   0.000000000000000,
   0.000000000000000,
   0.000000000000000,
   0.000000000000000,
   0.000000000000000,
   0.000000000000000,
   0.000000000000000,
   0.000000000000000,
   0.000000000000000,
   0.000000000000000,
   0.035119460331752,
   0.080158087159760,
   0.121518570687903,
   0.157203167158193,
   0.185538397477938,
   0.205198463721296,
   0.215263853463158,
   0.215263853463158,
   0.205198463721295,
   0.185538397477939,
   0.157203167158194,
   0.121518570687902,
   0.080158087159760,
   0.035119460331752,
   0.000000000000000,
   0.000000000000000,
   0.000000000000000,
   0.000000000000000,
   0.000000000000000,
   0.000000000000000,
   0.000000000000000,
   0.000000000000000,
   0.000000000000000,
   0.000000000000000,
   0.000000000000000,
   0.000000000000000,
   0.000000000000000,
   0.000000000000000,
   0.000000000000000,
   0.000000000000000,
   0.000000000000000,
   0.000000000000000,
   0.000000000000000,
   0.000000000000000,
   0.000000000000000,
   0.000000000000000,
   0.000000000000000,
   0.000000000000000,
   0.000000000000000,
   0.000000000000000,
   0.030753241996117,
   0.070366047488108,
   0.107159220467172,
   0.139570677926155,
   0.166269205816994,
   0.186161000015562,
   0.198431485327111,
   0.202578241925561,
   0.198431485327111,
   0.186161000015563,
   0.166269205816994,
   0.139570677926154,
   0.107159220467172,
   0.070366047488109,
   0.030753241996117,
   0.000000000000000,
   0.000000000000000,
   0.000000000000000,
   0.000000000000000,
   0.000000000000000,
   0.000000000000000,
   0.000000000000000,
   0.000000000000000,
   0.000000000000000,
   0.000000000000000,
   0.000000000000000,
   0.000000000000000,
   0.000000000000000,
   0.000000000000000,
   0.000000000000000,
   0.000000000000000,
   0.000000000000000,
   0.000000000000000,
   0.000000000000000,
   0.000000000000000,
   0.000000000000000,
   0.000000000000000,
   0.000000000000000,
   0.000000000000000,
   0.000000000000000,
   0.027152459411754,
   0.062253523938648,
   0.095158511682493,
   0.124628971255534,
   0.149595988816577,
   0.169156519395002,
   0.182603415044924,
   0.189450610455068,
   0.189450610455068,
   0.182603415044923,
   0.169156519395003,
   0.149595988816578,
   0.124628971255534,
   0.095158511682492,
   0.062253523938649,
   0.027152459411754,
   0.000000000000000,
   0.000000000000000,
   0.000000000000000,
   0.000000000000000,
   0.000000000000000,
   0.000000000000000,
   0.000000000000000,
   0.000000000000000,
   0.000000000000000,
   0.000000000000000,
   0.000000000000000,
   0.000000000000000,
   0.000000000000000,
   0.000000000000000,
   0.000000000000000,
   0.000000000000000,
   0.000000000000000,
   0.000000000000000,
   0.000000000000000,
   0.000000000000000,
   0.000000000000000,
   0.000000000000000,
   0.000000000000000,
   0.000000000000000,
   0.024148302868548,
   0.055459529373987,
   0.085036148317180,
   0.111883847193404,
   0.135136368468526,
   0.154045761076810,
   0.168004102156450,
   0.176562705366993,
   0.179446470356207,
   0.176562705366993,
   0.168004102156449,
   0.154045761076810,
   0.135136368468526,
   0.111883847193404,
   0.085036148317179,
   0.055459529373987,
   0.024148302868548,
   0.000000000000000,
   0.000000000000000,
   0.000000000000000,
   0.000000000000000,
   0.000000000000000,
   0.000000000000000,
   0.000000000000000,
   0.000000000000000,
   0.000000000000000,
   0.000000000000000,
   0.000000000000000,
   0.000000000000000,
   0.000000000000000,
   0.000000000000000,
   0.000000000000000,
   0.000000000000000,
   0.000000000000000,
   0.000000000000000,
   0.000000000000000,
   0.000000000000000,
   0.000000000000000,
   0.000000000000000,
   0.000000000000000,
   0.021616013526483,
   0.049714548894970,
   0.076425730254889,
   0.100942044106287,
   0.122555206711479,
   0.140642914670650,
   0.154684675126266,
   0.164276483745833,
   0.169142382963144,
   0.169142382963143,
   0.164276483745832,
   0.154684675126265,
   0.140642914670651,
   0.122555206711478,
   0.100942044106287,
   0.076425730254890,
   0.049714548894970,
   0.021616013526482,
   0.000000000000000,
   0.000000000000000,
   0.000000000000000,
   0.000000000000000,
   0.000000000000000,
   0.000000000000000,
   0.000000000000000,
   0.000000000000000,
   0.000000000000000,
   0.000000000000000,
   0.000000000000000,
   0.000000000000000,
   0.000000000000000,
   0.000000000000000,
   0.000000000000000,
   0.000000000000000,
   0.000000000000000,
   0.000000000000000,
   0.000000000000000,
   0.000000000000000,
   0.000000000000000,
   0.000000000000000,
   0.019461788229727,
   0.044814226765699,
   0.069044542737642,
   0.091490021622450,
   0.111566645547334,
   0.128753962539336,
   0.142606702173606,
   0.152766042065860,
   0.158968843393955,
   0.161054449848783,
   0.158968843393954,
   0.152766042065860,
   0.142606702173607,
   0.128753962539336,
   0.111566645547334,
   0.091490021622450,
   0.069044542737642,
   0.044814226765700,
   0.019461788229726,
   0.000000000000000,
   0.000000000000000,
   0.000000000000000,
   0.000000000000000,
   0.000000000000000,
   0.000000000000000,
   0.000000000000000,
   0.000000000000000,
   0.000000000000000,
   0.000000000000000,
   0.000000000000000,
   0.000000000000000,
   0.000000000000000,
   0.000000000000000,
   0.000000000000000,
   0.000000000000000,
   0.000000000000000,
   0.000000000000000,
   0.000000000000000,
   0.000000000000000,
   0.000000000000000,
   0.017614007139152,
   0.040601429800387,
   0.062672048334109,
   0.083276741576704,
   0.101930119817241,
   0.118194531961518,
   0.131688638449177,
   0.142096109318382,
   0.149172986472604,
   0.152753387130726,
   0.152753387130726,
   0.149172986472604,
   0.142096109318382,
   0.131688638449177,
   0.118194531961519,
   0.101930119817241,
   0.083276741576705,
   0.062672048334109,
   0.040601429800386,
   0.017614007139152,
   0.000000000000000,
   0.000000000000000,
   0.000000000000000,
   0.000000000000000,
   0.000000000000000,
   0.000000000000000,
   0.000000000000000,
   0.000000000000000,
   0.000000000000000,
   0.000000000000000,
   0.000000000000000,
   0.000000000000000,
   0.000000000000000,
   0.000000000000000,
   0.000000000000000,
   0.000000000000000,
   0.000000000000000,
   0.000000000000000,
   0.000000000000000,
   0.000000000000000,
   0.016017228257774,
   0.036953789770853,
   0.057134425426857,
   0.076100113628379,
   0.093444423456034,
   0.108797299167149,
   0.121831416053729,
   0.132268938633337,
   0.139887394791073,
   0.144524403989970,
   0.146081133649690,
   0.144524403989970,
   0.139887394791073,
   0.132268938633337,
   0.121831416053729,
   0.108797299167149,
   0.093444423456035,
   0.076100113628379,
   0.057134425426857,
   0.036953789770852,
   0.016017228257774,
   0.000000000000000,
   0.000000000000000,
   0.000000000000000,
   0.000000000000000,
   0.000000000000000,
   0.000000000000000,
   0.000000000000000,
   0.000000000000000,
   0.000000000000000,
   0.000000000000000,
   0.000000000000000,
   0.000000000000000,
   0.000000000000000,
   0.000000000000000,
   0.000000000000000,
   0.000000000000000,
   0.000000000000000,
   0.000000000000000,
   0.000000000000000,
   0.014627995298273,
   0.033774901584814,
   0.052293335152683,
   0.069796468424520,
   0.085941606217068,
   0.100414144442881,
   0.112932296080539,
   0.123252376810512,
   0.131173504787062,
   0.136541498346015,
   0.139251872855632,
   0.139251872855632,
   0.136541498346015,
   0.131173504787063,
   0.123252376810513,
   0.112932296080539,
   0.100414144442880,
   0.085941606217068,
   0.069796468424520,
   0.052293335152683,
   0.033774901584814,
   0.014627995298272,
   0.000000000000000,
   0.000000000000000,
   0.000000000000000,
   0.000000000000000,
   0.000000000000000,
   0.000000000000000,
   0.000000000000000,
   0.000000000000000,
   0.000000000000000,
   0.000000000000000,
   0.000000000000000,
   0.000000000000000,
   0.000000000000000,
   0.000000000000000,
   0.000000000000000,
   0.000000000000000,
   0.000000000000000,
   0.000000000000000,
   0.013411859487142,
   0.030988005856979,
   0.048037671731085,
   0.064232421408526,
   0.079281411776719,
   0.092915766060035,
   0.104892091464541,
   0.114996640222411,
   0.123049084306730,
   0.128905722188082,
   0.132462039404697,
   0.133654572186107,
   0.132462039404696,
   0.128905722188082,
   0.123049084306730,
   0.114996640222411,
   0.104892091464541,
   0.092915766060035,
   0.079281411776719,
   0.064232421408526,
   0.048037671731085,
   0.030988005856979,
   0.013411859487142,
   0.000000000000000,
   0.000000000000000,
   0.000000000000000,
   0.000000000000000,
   0.000000000000000,
   0.000000000000000,
   0.000000000000000,
   0.000000000000000,
   0.000000000000000,
   0.000000000000000,
   0.000000000000000,
   0.000000000000000,
   0.000000000000000,
   0.000000000000000,
   0.000000000000000,
   0.000000000000000,
   0.000000000000000,
   0.012341229799987,
   0.028531388628934,
   0.044277438817419,
   0.059298584915437,
   0.073346481411080,
   0.086190161531954,
   0.097618652104113,
   0.107444270115966,
   0.115505668053726,
   0.121670472927803,
   0.125837456346829,
   0.127938195346752,
   0.127938195346753,
   0.125837456346828,
   0.121670472927803,
   0.115505668053725,
   0.107444270115966,
   0.097618652104113,
   0.086190161531953,
   0.073346481411080,
   0.059298584915437,
   0.044277438817421,
   0.028531388628933,
   0.012341229799987,
   0.000000000000000,
   0.000000000000000,
   0.000000000000000,
   0.000000000000000,
   0.000000000000000,
   0.000000000000000,
   0.000000000000000,
   0.000000000000000,
   0.000000000000000,
   0.000000000000000,
   0.000000000000000,
   0.000000000000000,
   0.000000000000000,
   0.000000000000000,
   0.000000000000000,
   0.000000000000000,
   0.011393798501026,
   0.026354986615032,
   0.040939156701307,
   0.054904695975835,
   0.068038333812357,
   0.080140700335001,
   0.091028261982964,
   0.100535949067051,
   0.108519624474264,
   0.114858259145712,
   0.119455763535785,
   0.122242442990310,
   0.123176053726715,
   0.122242442990309,
   0.119455763535785,
   0.114858259145711,
   0.108519624474264,
   0.100535949067050,
   0.091028261982964,
   0.080140700335001,
   0.068038333812357,
   0.054904695975835,
   0.040939156701306,
   0.026354986615032,
   0.011393798501026,
   0.000000000000000,
   0.000000000000000,
   0.000000000000000,
   0.000000000000000,
   0.000000000000000,
   0.000000000000000,
   0.000000000000000,
   0.000000000000000,
   0.000000000000000,
   0.000000000000000,
   0.000000000000000,
   0.000000000000000,
   0.000000000000000,
   0.000000000000000,
   0.000000000000000,
   0.010551372617343,
   0.024417851092632,
   0.037962383294363,
   0.050975825297147,
   0.063274046329575,
   0.074684149765660,
   0.085045894313486,
   0.094213800355914,
   0.102059161094425,
   0.108471840528577,
   0.113361816546319,
   0.116660443485297,
   0.118321415279262,
   0.118321415279261,
   0.116660443485296,
   0.113361816546320,
   0.108471840528577,
   0.102059161094425,
   0.094213800355914,
   0.085045894313485,
   0.074684149765660,
   0.063274046329575,
   0.050975825297148,
   0.037962383294363,
   0.024417851092631,
   0.010551372617343,
   0.000000000000000,
   0.000000000000000,
   0.000000000000000,
   0.000000000000000,
   0.000000000000000,
   0.000000000000000,
   0.000000000000000,
   0.000000000000000,
   0.000000000000000,
   0.000000000000000,
   0.000000000000000,
   0.000000000000000,
   0.000000000000000,
   0.000000000000000,
   0.009798996051294,
   0.022686231596181,
   0.035297053757420,
   0.047449412520615,
   0.058983536859834,
   0.069748823766245,
   0.079604867773058,
   0.088423158543756,
   0.096088727370029,
   0.102501637817746,
   0.107578285788534,
   0.111252488356846,
   0.113476346108965,
   0.114220867378958,
   0.113476346108965,
   0.111252488356846,
   0.107578285788532,
   0.102501637817745,
   0.096088727370028,
   0.088423158543757,
   0.079604867773057,
   0.069748823766246,
   0.058983536859834,
   0.047449412520615,
   0.035297053757420,
   0.022686231596180,
   0.009798996051294,
   0.000000000000000,
   0.000000000000000,
   0.000000000000000,
   0.000000000000000,
   0.000000000000000,
   0.000000000000000,
   0.000000000000000,
   0.000000000000000,
   0.000000000000000,
   0.000000000000000,
   0.000000000000000,
   0.000000000000000,
   0.000000000000000,
   0.009124282593095,
   0.021132112592772,
   0.032901427782304,
   0.044272934759004,
   0.055107345675717,
   0.065272923966999,
   0.074646214234569,
   0.083113417228901,
   0.090571744393033,
   0.096930657997930,
   0.102112967578060,
   0.106055765922846,
   0.108711192258294,
   0.110047013016476,
   0.110047013016475,
   0.108711192258295,
   0.106055765922846,
   0.102112967578062,
   0.096930657997930,
   0.090571744393033,
   0.083113417228900,
   0.074646214234568,
   0.065272923966999,
   0.055107345675717,
   0.044272934759004,
   0.032901427782304,
   0.021132112592772,
   0.009124282593095,
   0.000000000000000,
   0.000000000000000,
   0.000000000000000,
   0.000000000000000,
   0.000000000000000,
   0.000000000000000,
   0.000000000000000,
   0.000000000000000,
   0.000000000000000,
   0.000000000000000,
   0.000000000000000,
   0.000000000000000,
   0.008516903878746,
   0.019732085056123,
   0.030740492202094,
   0.041402062518683,
   0.051594826902498,
   0.061203090657079,
   0.070117933255051,
   0.078238327135764,
   0.085472257366173,
   0.091737757139259,
   0.096963834094409,
   0.101091273759915,
   0.104073310077729,
   0.105876155097321,
   0.106479381718314,
   0.105876155097322,
   0.104073310077729,
   0.101091273759915,
   0.096963834094408,
   0.091737757139258,
   0.085472257366173,
   0.078238327135764,
   0.070117933255051,
   0.061203090657079,
   0.051594826902498,
   0.041402062518683,
   0.030740492202093,
   0.019732085056122,
   0.008516903878746,
   0.000000000000000,
   0.000000000000000,
   0.000000000000000,
   0.000000000000000,
   0.000000000000000,
   0.000000000000000,
   0.000000000000000,
   0.000000000000000,
   0.000000000000000,
   0.000000000000000,
   0.000000000000000,
   0.007968192496167,
   0.018466468311090,
   0.028784707883323,
   0.038799192569627,
   0.048402672830594,
   0.057493156217619,
   0.065974229882180,
   0.073755974737706,
   0.080755895229420,
   0.086899787201083,
   0.092122522237786,
   0.096368737174644,
   0.099593420586795,
   0.101762389748405,
   0.102852652893559,
   0.102852652893559,
   0.101762389748406,
   0.099593420586795,
   0.096368737174645,
   0.092122522237786,
   0.086899787201082,
   0.080755895229420,
   0.073755974737706,
   0.065974229882181,
   0.057493156217619,
   0.048402672830594,
   0.038799192569628,
   0.028784707883323,
   0.018466468311091,
   0.007968192496167,
   0.000000000000000,
   0.000000000000000,
   0.000000000000000,
   0.000000000000000,
   0.000000000000000,
   0.000000000000000,
   0.000000000000000,
   0.000000000000000,
   0.000000000000000,
   0.000000000000000,
   0.007470831579247,
   0.017318620790311,
   0.027009019184979,
   0.036432273912385,
   0.045493707527202,
   0.054103082424917,
   0.062174786561029,
   0.069628583235410,
   0.076390386598776,
   0.082392991761590,
   0.087576740608478,
   0.091890113893642,
   0.095290242912320,
   0.097743335386328,
   0.099225011226673,
   0.099720544793427,
   0.099225011226673,
   0.097743335386329,
   0.095290242912319,
   0.091890113893640,
   0.087576740608479,
   0.082392991761590,
   0.076390386598777,
   0.069628583235411,
   0.062174786561029,
   0.054103082424917,
   0.045493707527201,
   0.036432273912385,
   0.027009019184980,
   0.017318620790311,
   0.007470831579249,
   0.000000000000000,
   0.000000000000000,
   0.000000000000000,
   0.000000000000000,
   0.000000000000000,
   0.000000000000000,
   0.000000000000000,
   0.000000000000000,
   0.000000000000000,
   0.007018610009470,
   0.016274394730906,
   0.025392065309262,
   0.034273862913021,
   0.042835898022227,
   0.050998059262377,
   0.058684093478535,
   0.065822222776362,
   0.072345794108849,
   0.078193895787070,
   0.083311924226946,
   0.087652093004404,
   0.091173878695764,
   0.093844399080804,
   0.095638720079275,
   0.096540088514728,
   0.096540088514728,
   0.095638720079274,
   0.093844399080804,
   0.091173878695763,
   0.087652093004403,
   0.083311924226946,
   0.078193895787070,
   0.072345794108849,
   0.065822222776362,
   0.058684093478534,
   0.050998059262375,
   0.042835898022227,
   0.034273862913023,
   0.025392065309263,
   0.016274394730906,
   0.007018610009470,
   0.000000000000000,
   0.000000000000000,
   0.000000000000000,
   0.000000000000000,
   0.000000000000000,
   0.000000000000000,
   0.000000000000000,
   0.000000000000000,
   0.006606227847588,
   0.015321701512934,
   0.023915548101751,
   0.032300358632328,
   0.040401541331670,
   0.048147742818711,
   0.055470846631664,
   0.062306482530318,
   0.068594572818656,
   0.074279854843954,
   0.079312364794887,
   0.083647876067039,
   0.087248287618844,
   0.090081958660638,
   0.092123986643317,
   0.093356426065596,
   0.093768446160209,
   0.093356426065597,
   0.092123986643317,
   0.090081958660638,
   0.087248287618845,
   0.083647876067039,
   0.079312364794886,
   0.074279854843953,
   0.068594572818656,
   0.062306482530317,
   0.055470846631664,
   0.048147742818711,
   0.040401541331670,
   0.032300358632329,
   0.023915548101750,
   0.015321701512935,
   0.006606227847588,
   0.000000000000000,
   0.000000000000000,
   0.000000000000000,
   0.000000000000000,
   0.000000000000000,
   0.000000000000000,
   0.000000000000000,
   0.006229140555909,
   0.014450162748595,
   0.022563721985495,
   0.030491380638446,
   0.038166593796387,
   0.045525611523353,
   0.052507414572678,
   0.059054135827525,
   0.065111521554076,
   0.070629375814255,
   0.075561974660033,
   0.079868444339771,
   0.083513099699846,
   0.086465739747036,
   0.088701897835693,
   0.090203044370641,
   0.090956740330259,
   0.090956740330259,
   0.090203044370640,
   0.088701897835694,
   0.086465739747035,
   0.083513099699846,
   0.079868444339773,
   0.075561974660032,
   0.070629375814255,
   0.065111521554076,
   0.059054135827524,
   0.052507414572678,
   0.045525611523352,
   0.038166593796387,
   0.030491380638446,
   0.022563721985495,
   0.014450162748596,
   0.006229140555909,
   0.000000000000000,
   0.000000000000000,
   0.000000000000000,
   0.000000000000000,
   0.000000000000000,
   0.000000000000000,
   0.005883433420443,
   0.013650828348361,
   0.021322979911484,
   0.028829260108894,
   0.036110115863463,
   0.043108422326170,
   0.049769370401354,
   0.056040816212370,
   0.061873671966080,
   0.067222285269087,
   0.072044794772560,
   0.076303457155442,
   0.079964942242324,
   0.083000593728857,
   0.085386653392099,
   0.087104446997184,
   0.088140530430276,
   0.088486794907104,
   0.088140530430276,
   0.087104446997183,
   0.085386653392099,
   0.083000593728856,
   0.079964942242324,
   0.076303457155442,
   0.072044794772560,
   0.067222285269088,
   0.061873671966080,
   0.056040816212369,
   0.049769370401354,
   0.043108422326171,
   0.036110115863463,
   0.028829260108894,
   0.021322979911485,
   0.013650828348361,
   0.005883433420443,
   0.000000000000000,
   0.000000000000000,
   0.000000000000000,
   0.000000000000000,
   0.000000000000000,
   0.005565719664245,
   0.012915947284065,
   0.020181515297736,
   0.027298621498569,
   0.034213810770307,
   0.040875750923645,
   0.047235083490266,
   0.053244713977760,
   0.058860144245325,
   0.064039797355016,
   0.068745323835735,
   0.072941885005654,
   0.076598410645871,
   0.079687828912072,
   0.082187266704339,
   0.084078218979662,
   0.085346685739339,
   0.085983275670395,
   0.085983275670393,
   0.085346685739339,
   0.084078218979662,
   0.082187266704339,
   0.079687828912072,
   0.076598410645870,
   0.072941885005653,
   0.068745323835736,
   0.064039797355015,
   0.058860144245325,
   0.053244713977761,
   0.047235083490266,
   0.040875750923645,
   0.034213810770308,
   0.027298621498569,
   0.020181515297736,
   0.012915947284065,
   0.005565719664245,
   0.000000000000000,
   0.000000000000000,
   0.000000000000000,
   0.000000000000000,
   0.005273057279498,
   0.012238780100307,
   0.019129044489084,
   0.025886036990559,
   0.032461639847521,
   0.038809602501934,
   0.044885364662437,
   0.050646297654825,
   0.056051987998275,
   0.061064516523226,
   0.065648722872750,
   0.069772451555701,
   0.073406777248488,
   0.076526207570529,
   0.079108861837530,
   0.081136624508465,
   0.082595272236437,
   0.083474573625863,
   0.083768360993139,
   0.083474573625863,
   0.082595272236438,
   0.081136624508464,
   0.079108861837529,
   0.076526207570529,
   0.073406777248488,
   0.069772451555701,
   0.065648722872752,
   0.061064516523226,
   0.056051987998275,
   0.050646297654824,
   0.044885364662437,
   0.038809602501934,
   0.032461639847522,
   0.025886036990559,
   0.019129044489085,
   0.012238780100308,
   0.005273057279498,
   0.000000000000000,
   0.000000000000000,
   0.000000000000000,
   0.005002880749639,
   0.011613444716469,
   0.018156577709613,
   0.024579739738233,
   0.030839500545175,
   0.036894081594025,
   0.042703158504674,
   0.048228061860759,
   0.053432019910332,
   0.058280399146998,
   0.062740933392133,
   0.066783937979140,
   0.070382507066899,
   0.073512692584742,
   0.076153663548447,
   0.078287844658211,
   0.079901033243528,
   0.080982493770597,
   0.081525029280386,
   0.081525029280387,
   0.080982493770597,
   0.079901033243528,
   0.078287844658210,
   0.076153663548447,
   0.073512692584744,
   0.070382507066899,
   0.066783937979141,
   0.062740933392134,
   0.058280399146998,
   0.053432019910333,
   0.048228061860758,
   0.042703158504674,
   0.036894081594025,
   0.030839500545175,
   0.024579739738233,
   0.018156577709613,
   0.011613444716469,
   0.005002880749640,
   0.000000000000000,
   0.000000000000000,
   0.004752944691635,
   0.011034788939165,
   0.017256229093724,
   0.023369384832179,
   0.029334955983903,
   0.035115111498132,
   0.040673276847934,
   0.045974301108917,
   0.050984665292129,
   0.055672690340916,
   0.060008736088595,
   0.063965388138683,
   0.067517630966231,
   0.070643005970609,
   0.073321753414269,
   0.075536937322836,
   0.077274552544682,
   0.078523613287372,
   0.079276222568369,
   0.079527622139443,
   0.079276222568368,
   0.078523613287370,
   0.077274552544682,
   0.075536937322836,
   0.073321753414269,
   0.070643005970609,
   0.067517630966231,
   0.063965388138683,
   0.060008736088597,
   0.055672690340916,
   0.050984665292130,
   0.045974301108917,
   0.040673276847934,
   0.035115111498131,
   0.029334955983903,
   0.023369384832178,
   0.017256229093726,
   0.011034788939164,
   0.004752944691635,
   0.000000000000000,
   0.004521277098533,
   0.010498284531152,
   0.016421058381909,
   0.022245849194167,
   0.027937006980023,
   0.033460195282548,
   0.038782167974472,
   0.043870908185673,
   0.048695807635072,
   0.053227846983937,
   0.057439769099391,
   0.061306242492929,
   0.064804013456601,
   0.067912045815234,
   0.070611647391287,
   0.072886582395804,
   0.074723169057968,
   0.076110361900626,
   0.077039818164248,
   0.077505947978425,
   0.077505947978425,
   0.077039818164248,
   0.076110361900627,
   0.074723169057968,
   0.072886582395804,
   0.070611647391287,
   0.067912045815234,
   0.064804013456601,
   0.061306242492930,
   0.057439769099392,
   0.053227846983937,
   0.048695807635071,
   0.043870908185673,
   0.038782167974472,
   0.033460195282547,
   0.027937006980024,
   0.022245849194168,
   0.016421058381908,
   0.010498284531153,
   0.004521277098533,
