   0.000000000000000,
   0.000000000000000,
   0.000000000000000,
   0.000000000000000,
   0.000000000000000,
   0.000000000000000,
   0.000000000000000,
   0.000000000000000,
   0.000000000000000,
   0.000000000000000,
   0.000000000000000,
   0.000000000000000,
   0.000000000000000,
   0.000000000000000,
   0.000000000000000,
   0.000000000000000,
   0.000000000000000,
   0.000000000000000,
   0.000000000000000,
   0.000000000000000,
   0.000000000000000,
   0.000000000000000,
   0.000000000000000,
   0.000000000000000,
   0.000000000000000,
   0.000000000000000,
   0.000000000000000,
   0.000000000000000,
   0.000000000000000,
   0.000000000000000,
   0.000000000000000,
   0.000000000000000,
   0.000000000000000,
   0.000000000000000,
   0.000000000000000,
   0.000000000000000,
   0.000000000000000,
   0.000000000000000,
   0.000000000000000,
   0.000000000000000,
  -0.577350269189626,
   0.577350269189626,
   0.000000000000000,
   0.000000000000000,
   0.000000000000000,
   0.000000000000000,
   0.000000000000000,
   0.000000000000000,
   0.000000000000000,
   0.000000000000000,
   0.000000000000000,
   0.000000000000000,
   0.000000000000000,
   0.000000000000000,
   0.000000000000000,
   0.000000000000000,
   0.000000000000000,
   0.000000000000000,
   0.000000000000000,
   0.000000000000000,
   0.000000000000000,
   0.000000000000000,
   0.000000000000000,
   0.000000000000000,
   0.000000000000000,
   0.000000000000000,
   0.000000000000000,
   0.000000000000000,
   0.000000000000000,
   0.000000000000000,
   0.000000000000000,
   0.000000000000000,
   0.000000000000000,
   0.000000000000000,
   0.000000000000000,
   0.000000000000000,
   0.000000000000000,
   0.000000000000000,
   0.000000000000000,
   0.000000000000000,
  -0.774596669241484,
   0.000000000000000,
   0.774596669241484,
   0.000000000000000,
   0.000000000000000,
   0.000000000000000,
   0.000000000000000,
   0.000000000000000,
   0.000000000000000,
   0.000000000000000,
   0.000000000000000,
   0.000000000000000,
   0.000000000000000,
   0.000000000000000,
   0.000000000000000,
   0.000000000000000,
   0.000000000000000,
   0.000000000000000,
   0.000000000000000,
   0.000000000000000,
   0.000000000000000,
   0.000000000000000,
   0.000000000000000,
   0.000000000000000,
   0.000000000000000,
   0.000000000000000,
   0.000000000000000,
   0.000000000000000,
   0.000000000000000,
   0.000000000000000,
   0.000000000000000,
   0.000000000000000,
   0.000000000000000,
   0.000000000000000,
   0.000000000000000,
   0.000000000000000,
   0.000000000000000,
   0.000000000000000,
   0.000000000000000,
   0.000000000000000,
  -0.861136311594052,
  -0.339981043584856,
   0.339981043584856,
   0.861136311594052,
   0.000000000000000,
   0.000000000000000,
   0.000000000000000,
   0.000000000000000,
   0.000000000000000,
   0.000000000000000,
   0.000000000000000,
   0.000000000000000,
   0.000000000000000,
   0.000000000000000,
   0.000000000000000,
   0.000000000000000,
   0.000000000000000,
   0.000000000000000,
   0.000000000000000,
   0.000000000000000,
   0.000000000000000,
   0.000000000000000,
   0.000000000000000,
   0.000000000000000,
   0.000000000000000,
   0.000000000000000,
   0.000000000000000,
   0.000000000000000,
   0.000000000000000,
   0.000000000000000,
   0.000000000000000,
   0.000000000000000,
   0.000000000000000,
   0.000000000000000,
   0.000000000000000,
   0.000000000000000,
   0.000000000000000,
   0.000000000000000,
   0.000000000000000,
   0.000000000000000,
  -0.906179845938664,
  -0.538469310105683,
   0.000000000000000,
   0.538469310105683,
   0.906179845938664,
   0.000000000000000,
   0.000000000000000,
   0.000000000000000,
   0.000000000000000,
   0.000000000000000,
   0.000000000000000,
   0.000000000000000,
   0.000000000000000,
   0.000000000000000,
   0.000000000000000,
   0.000000000000000,
   0.000000000000000,
   0.000000000000000,
   0.000000000000000,
   0.000000000000000,
   0.000000000000000,
   0.000000000000000,
   0.000000000000000,
   0.000000000000000,
   0.000000000000000,
   0.000000000000000,
   0.000000000000000,
   0.000000000000000,
   0.000000000000000,
   0.000000000000000,
   0.000000000000000,
   0.000000000000000,
   0.000000000000000,
   0.000000000000000,
   0.000000000000000,
   0.000000000000000,
   0.000000000000000,
   0.000000000000000,
   0.000000000000000,
   0.000000000000000,
  -0.932469514203152,
  -0.661209386466265,
  -0.238619186083197,
   0.238619186083197,
   0.661209386466265,
   0.932469514203152,
   0.000000000000000,
   0.000000000000000,
   0.000000000000000,
   0.000000000000000,
   0.000000000000000,
   0.000000000000000,
   0.000000000000000,
   0.000000000000000,
   0.000000000000000,
   0.000000000000000,
   0.000000000000000,
   0.000000000000000,
   0.000000000000000,
   0.000000000000000,
   0.000000000000000,
   0.000000000000000,
   0.000000000000000,
   0.000000000000000,
   0.000000000000000,
   0.000000000000000,
   0.000000000000000,
   0.000000000000000,
   0.000000000000000,
   0.000000000000000,
   0.000000000000000,
   0.000000000000000,
   0.000000000000000,
   0.000000000000000,
   0.000000000000000,
   0.000000000000000,
   0.000000000000000,
   0.000000000000000,
   0.000000000000000,
   0.000000000000000,
  -0.949107912342758,
  -0.741531185599394,
  -0.405845151377397,
   0.000000000000000,
   0.405845151377397,
   0.741531185599394,
   0.949107912342758,
   0.000000000000000,
   0.000000000000000,
   0.000000000000000,
   0.000000000000000,
   0.000000000000000,
   0.000000000000000,
   0.000000000000000,
   0.000000000000000,
   0.000000000000000,
   0.000000000000000,
   0.000000000000000,
   0.000000000000000,
   0.000000000000000,
   0.000000000000000,
   0.000000000000000,
   0.000000000000000,
   0.000000000000000,
   0.000000000000000,
   0.000000000000000,
   0.000000000000000,
   0.000000000000000,
   0.000000000000000,
   0.000000000000000,
   0.000000000000000,
   0.000000000000000,
   0.000000000000000,
   0.000000000000000,
   0.000000000000000,
   0.000000000000000,
   0.000000000000000,
   0.000000000000000,
   0.000000000000000,
   0.000000000000000,
  -0.960289856497536,
  -0.796666477413627,
  -0.525532409916329,
  -0.183434642495650,
   0.183434642495650,
   0.525532409916329,
   0.796666477413627,
   0.960289856497536,
   0.000000000000000,
   0.000000000000000,
   0.000000000000000,
   0.000000000000000,
   0.000000000000000,
   0.000000000000000,
   0.000000000000000,
   0.000000000000000,
   0.000000000000000,
   0.000000000000000,
   0.000000000000000,
   0.000000000000000,
   0.000000000000000,
   0.000000000000000,
   0.000000000000000,
   0.000000000000000,
   0.000000000000000,
   0.000000000000000,
   0.000000000000000,
   0.000000000000000,
   0.000000000000000,
   0.000000000000000,
   0.000000000000000,
   0.000000000000000,
   0.000000000000000,
   0.000000000000000,
   0.000000000000000,
   0.000000000000000,
   0.000000000000000,
   0.000000000000000,
   0.000000000000000,
   0.000000000000000,
  -0.968160239507626,
  -0.836031107326636,
  -0.613371432700590,
  -0.324253423403809,
   0.000000000000000,
   0.324253423403809,
   0.613371432700590,
   0.836031107326636,
   0.968160239507626,
   0.000000000000000,
   0.000000000000000,
   0.000000000000000,
   0.000000000000000,
   0.000000000000000,
   0.000000000000000,
   0.000000000000000,
   0.000000000000000,
   0.000000000000000,
   0.000000000000000,
   0.000000000000000,
   0.000000000000000,
   0.000000000000000,
   0.000000000000000,
   0.000000000000000,
   0.000000000000000,
   0.000000000000000,
   0.000000000000000,
   0.000000000000000,
   0.000000000000000,
   0.000000000000000,
   0.000000000000000,
   0.000000000000000,
   0.000000000000000,
   0.000000000000000,
   0.000000000000000,
   0.000000000000000,
   0.000000000000000,
   0.000000000000000,
   0.000000000000000,
   0.000000000000000,
  -0.973906528517172,
  -0.865063366688984,
  -0.679409568299024,
  -0.433395394129247,
  -0.148874338981631,
   0.148874338981631,
   0.433395394129247,
   0.679409568299024,
   0.865063366688984,
   0.973906528517171,
   0.000000000000000,
   0.000000000000000,
   0.000000000000000,
   0.000000000000000,
   0.000000000000000,
   0.000000000000000,
   0.000000000000000,
   0.000000000000000,
   0.000000000000000,
   0.000000000000000,
   0.000000000000000,
   0.000000000000000,
   0.000000000000000,
   0.000000000000000,
   0.000000000000000,
   0.000000000000000,
   0.000000000000000,
   0.000000000000000,
   0.000000000000000,
   0.000000000000000,
   0.000000000000000,
   0.000000000000000,
   0.000000000000000,
   0.000000000000000,
   0.000000000000000,
   0.000000000000000,
   0.000000000000000,
   0.000000000000000,
   0.000000000000000,
   0.000000000000000,
  -0.978228658146057,
  -0.887062599768096,
  -0.730152005574049,
  -0.519096129206812,
  -0.269543155952345,
   0.000000000000000,
   0.269543155952345,
   0.519096129206812,
   0.730152005574049,
   0.887062599768095,
   0.978228658146057,
   0.000000000000000,
   0.000000000000000,
   0.000000000000000,
   0.000000000000000,
   0.000000000000000,
   0.000000000000000,
   0.000000000000000,
   0.000000000000000,
   0.000000000000000,
   0.000000000000000,
   0.000000000000000,
   0.000000000000000,
   0.000000000000000,
   0.000000000000000,
   0.000000000000000,
   0.000000000000000,
   0.000000000000000,
   0.000000000000000,
   0.000000000000000,
   0.000000000000000,
   0.000000000000000,
   0.000000000000000,
   0.000000000000000,
   0.000000000000000,
   0.000000000000000,
   0.000000000000000,
   0.000000000000000,
   0.000000000000000,
   0.000000000000000,
  -0.981560634246719,
  -0.904117256370475,
  -0.769902674194305,
  -0.587317954286618,
  -0.367831498998180,
  -0.125233408511469,
   0.125233408511469,
   0.367831498998180,
   0.587317954286618,
   0.769902674194304,
   0.904117256370475,
   0.981560634246719,
   0.000000000000000,
   0.000000000000000,
   0.000000000000000,
   0.000000000000000,
   0.000000000000000,
   0.000000000000000,
   0.000000000000000,
   0.000000000000000,
   0.000000000000000,
   0.000000000000000,
   0.000000000000000,
   0.000000000000000,
   0.000000000000000,
   0.000000000000000,
   0.000000000000000,
   0.000000000000000,
   0.000000000000000,
   0.000000000000000,
   0.000000000000000,
   0.000000000000000,
   0.000000000000000,
   0.000000000000000,
   0.000000000000000,
   0.000000000000000,
   0.000000000000000,
   0.000000000000000,
   0.000000000000000,
   0.000000000000000,
  -0.984183054718588,
  -0.917598399222978,
  -0.801578090733310,
  -0.642349339440340,
  -0.448492751036447,
  -0.230458315955135,
   0.000000000000000,
   0.230458315955135,
   0.448492751036447,
   0.642349339440340,
   0.801578090733310,
   0.917598399222978,
   0.984183054718588,
   0.000000000000000,
   0.000000000000000,
   0.000000000000000,
   0.000000000000000,
   0.000000000000000,
   0.000000000000000,
   0.000000000000000,
   0.000000000000000,
   0.000000000000000,
   0.000000000000000,
   0.000000000000000,
   0.000000000000000,
   0.000000000000000,
   0.000000000000000,
   0.000000000000000,
   0.000000000000000,
   0.000000000000000,
   0.000000000000000,
   0.000000000000000,
   0.000000000000000,
   0.000000000000000,
   0.000000000000000,
   0.000000000000000,
   0.000000000000000,
   0.000000000000000,
   0.000000000000000,
   0.000000000000000,
  -0.986283808696812,
  -0.928434883663573,
  -0.827201315069765,
  -0.687292904811686,
  -0.515248636358154,
  -0.319112368927890,
  -0.108054948707343,
   0.108054948707344,
   0.319112368927890,
   0.515248636358154,
   0.687292904811685,
   0.827201315069765,
   0.928434883663574,
   0.986283808696813,
   0.000000000000000,
   0.000000000000000,
   0.000000000000000,
   0.000000000000000,
   0.000000000000000,
   0.000000000000000,
   0.000000000000000,
   0.000000000000000,
   0.000000000000000,
   0.000000000000000,
   0.000000000000000,
   0.000000000000000,
   0.000000000000000,
   0.000000000000000,
   0.000000000000000,
   0.000000000000000,
   0.000000000000000,
   0.000000000000000,
   0.000000000000000,
   0.000000000000000,
   0.000000000000000,
   0.000000000000000,
   0.000000000000000,
   0.000000000000000,
   0.000000000000000,
   0.000000000000000,
  -0.987992518020485,
  -0.937273392400706,
  -0.848206583410427,
  -0.724417731360170,
  -0.570972172608539,
  -0.394151347077564,
  -0.201194093997435,
   0.000000000000000,
   0.201194093997435,
   0.394151347077563,
   0.570972172608539,
   0.724417731360170,
   0.848206583410427,
   0.937273392400706,
   0.987992518020485,
   0.000000000000000,
   0.000000000000000,
   0.000000000000000,
   0.000000000000000,
   0.000000000000000,
   0.000000000000000,
   0.000000000000000,
   0.000000000000000,
   0.000000000000000,
   0.000000000000000,
   0.000000000000000,
   0.000000000000000,
   0.000000000000000,
   0.000000000000000,
   0.000000000000000,
   0.000000000000000,
   0.000000000000000,
   0.000000000000000,
   0.000000000000000,
   0.000000000000000,
   0.000000000000000,
   0.000000000000000,
   0.000000000000000,
   0.000000000000000,
   0.000000000000000,
  -0.989400934991650,
  -0.944575023073233,
  -0.865631202387832,
  -0.755404408355003,
  -0.617876244402644,
  -0.458016777657227,
  -0.281603550779259,
  -0.095012509837637,
   0.095012509837638,
   0.281603550779259,
   0.458016777657227,
   0.617876244402643,
   0.755404408355003,
   0.865631202387832,
   0.944575023073232,
   0.989400934991650,
   0.000000000000000,
   0.000000000000000,
   0.000000000000000,
   0.000000000000000,
   0.000000000000000,
   0.000000000000000,
   0.000000000000000,
   0.000000000000000,
   0.000000000000000,
   0.000000000000000,
   0.000000000000000,
   0.000000000000000,
   0.000000000000000,
   0.000000000000000,
   0.000000000000000,
   0.000000000000000,
   0.000000000000000,
   0.000000000000000,
   0.000000000000000,
   0.000000000000000,
   0.000000000000000,
   0.000000000000000,
   0.000000000000000,
   0.000000000000000,
  -0.990575475314418,
  -0.950675521768768,
  -0.880239153726986,
  -0.781514003896801,
  -0.657671159216690,
  -0.512690537086476,
  -0.351231763453876,
  -0.178484181495848,
   0.000000000000000,
   0.178484181495848,
   0.351231763453877,
   0.512690537086477,
   0.657671159216691,
   0.781514003896801,
   0.880239153726986,
   0.950675521768768,
   0.990575475314417,
   0.000000000000000,
   0.000000000000000,
   0.000000000000000,
   0.000000000000000,
   0.000000000000000,
   0.000000000000000,
   0.000000000000000,
   0.000000000000000,
   0.000000000000000,
   0.000000000000000,
   0.000000000000000,
   0.000000000000000,
   0.000000000000000,
   0.000000000000000,
   0.000000000000000,
   0.000000000000000,
   0.000000000000000,
   0.000000000000000,
   0.000000000000000,
   0.000000000000000,
   0.000000000000000,
   0.000000000000000,
   0.000000000000000,
  -0.991565168420931,
  -0.955823949571398,
  -0.892602466497556,
  -0.803704958972523,
  -0.691687043060353,
  -0.559770831073948,
  -0.411751161462843,
  -0.251886225691506,
  -0.084775013041735,
   0.084775013041735,
   0.251886225691506,
   0.411751161462843,
   0.559770831073948,
   0.691687043060353,
   0.803704958972523,
   0.892602466497556,
   0.955823949571398,
   0.991565168420931,
   0.000000000000000,
   0.000000000000000,
   0.000000000000000,
   0.000000000000000,
   0.000000000000000,
   0.000000000000000,
   0.000000000000000,
   0.000000000000000,
   0.000000000000000,
   0.000000000000000,
   0.000000000000000,
   0.000000000000000,
   0.000000000000000,
   0.000000000000000,
   0.000000000000000,
   0.000000000000000,
   0.000000000000000,
   0.000000000000000,
   0.000000000000000,
   0.000000000000000,
   0.000000000000000,
   0.000000000000000,
  -0.992406843843584,
  -0.960208152134830,
  -0.903155903614818,
  -0.822714656537143,
  -0.720966177335229,
  -0.600545304661681,
  -0.464570741375961,
  -0.316564099963630,
  -0.160358645640225,
   0.000000000000000,
   0.160358645640225,
   0.316564099963630,
   0.464570741375961,
   0.600545304661681,
   0.720966177335229,
   0.822714656537143,
   0.903155903614818,
   0.960208152134830,
   0.992406843843584,
   0.000000000000000,
   0.000000000000000,
   0.000000000000000,
   0.000000000000000,
   0.000000000000000,
   0.000000000000000,
   0.000000000000000,
   0.000000000000000,
   0.000000000000000,
   0.000000000000000,
   0.000000000000000,
   0.000000000000000,
   0.000000000000000,
   0.000000000000000,
   0.000000000000000,
   0.000000000000000,
   0.000000000000000,
   0.000000000000000,
   0.000000000000000,
   0.000000000000000,
   0.000000000000000,
  -0.993128599185095,
  -0.963971927277914,
  -0.912234428251326,
  -0.839116971822219,
  -0.746331906460151,
  -0.636053680726515,
  -0.510867001950827,
  -0.373706088715420,
  -0.227785851141645,
  -0.076526521133497,
   0.076526521133497,
   0.227785851141645,
   0.373706088715420,
   0.510867001950827,
   0.636053680726515,
   0.746331906460151,
   0.839116971822219,
   0.912234428251326,
   0.963971927277914,
   0.993128599185095,
   0.000000000000000,
   0.000000000000000,
   0.000000000000000,
   0.000000000000000,
   0.000000000000000,
   0.000000000000000,
   0.000000000000000,
   0.000000000000000,
   0.000000000000000,
   0.000000000000000,
   0.000000000000000,
   0.000000000000000,
   0.000000000000000,
   0.000000000000000,
   0.000000000000000,
   0.000000000000000,
   0.000000000000000,
   0.000000000000000,
   0.000000000000000,
   0.000000000000000,
  -0.993752170620390,
  -0.967226838566306,
  -0.920099334150401,
  -0.853363364583317,
  -0.768439963475678,
  -0.667138804197412,
  -0.551618835887220,
  -0.424342120207439,
  -0.288021316802401,
  -0.145561854160895,
   0.000000000000000,
   0.145561854160895,
   0.288021316802401,
   0.424342120207439,
   0.551618835887220,
   0.667138804197412,
   0.768439963475678,
   0.853363364583317,
   0.920099334150401,
   0.967226838566306,
   0.993752170620389,
   0.000000000000000,
   0.000000000000000,
   0.000000000000000,
   0.000000000000000,
   0.000000000000000,
   0.000000000000000,
   0.000000000000000,
   0.000000000000000,
   0.000000000000000,
   0.000000000000000,
   0.000000000000000,
   0.000000000000000,
   0.000000000000000,
   0.000000000000000,
   0.000000000000000,
   0.000000000000000,
   0.000000000000000,
   0.000000000000000,
   0.000000000000000,
  -0.994294585482399,
  -0.970060497835428,
  -0.926956772187174,
  -0.865812577720300,
  -0.787816805979208,
  -0.694487263186683,
  -0.587640403506911,
  -0.469355837986757,
  -0.341935820892084,
  -0.207860426688221,
  -0.069739273319722,
   0.069739273319722,
   0.207860426688221,
   0.341935820892084,
   0.469355837986757,
   0.587640403506911,
   0.694487263186683,
   0.787816805979208,
   0.865812577720300,
   0.926956772187174,
   0.970060497835429,
   0.994294585482399,
   0.000000000000000,
   0.000000000000000,
   0.000000000000000,
   0.000000000000000,
   0.000000000000000,
   0.000000000000000,
   0.000000000000000,
   0.000000000000000,
   0.000000000000000,
   0.000000000000000,
   0.000000000000000,
   0.000000000000000,
   0.000000000000000,
   0.000000000000000,
   0.000000000000000,
   0.000000000000000,
   0.000000000000000,
   0.000000000000000,
  -0.994769334997552,
  -0.972542471218115,
  -0.932971086826016,
  -0.876752358270442,
  -0.804888401618840,
  -0.718661363131951,
  -0.619609875763646,
  -0.509501477846008,
  -0.390301038030291,
  -0.264135680970345,
  -0.133256824298466,
   0.000000000000000,
   0.133256824298466,
   0.264135680970345,
   0.390301038030291,
   0.509501477846007,
   0.619609875763646,
   0.718661363131950,
   0.804888401618840,
   0.876752358270442,
   0.932971086826016,
   0.972542471218115,
   0.994769334997552,
   0.000000000000000,
   0.000000000000000,
   0.000000000000000,
   0.000000000000000,
   0.000000000000000,
   0.000000000000000,
   0.000000000000000,
   0.000000000000000,
   0.000000000000000,
   0.000000000000000,
   0.000000000000000,
   0.000000000000000,
   0.000000000000000,
   0.000000000000000,
   0.000000000000000,
   0.000000000000000,
   0.000000000000000,
  -0.995187219997022,
  -0.974728555971309,
  -0.938274552002733,
  -0.886415527004401,
  -0.820001985973903,
  -0.740124191578554,
  -0.648093651936976,
  -0.545421471388839,
  -0.433793507626045,
  -0.315042679696164,
  -0.191118867473616,
  -0.064056892862606,
   0.064056892862606,
   0.191118867473616,
   0.315042679696164,
   0.433793507626045,
   0.545421471388840,
   0.648093651936975,
   0.740124191578555,
   0.820001985973903,
   0.886415527004401,
   0.938274552002733,
   0.974728555971309,
   0.995187219997021,
   0.000000000000000,
   0.000000000000000,
   0.000000000000000,
   0.000000000000000,
   0.000000000000000,
   0.000000000000000,
   0.000000000000000,
   0.000000000000000,
   0.000000000000000,
   0.000000000000000,
   0.000000000000000,
   0.000000000000000,
   0.000000000000000,
   0.000000000000000,
   0.000000000000000,
   0.000000000000000,
  -0.995556969790498,
  -0.976663921459517,
  -0.942974571228975,
  -0.894991997878275,
  -0.833442628760834,
  -0.759259263037358,
  -0.673566368473468,
  -0.577662930241223,
  -0.473002731445715,
  -0.361172305809388,
  -0.243866883720988,
  -0.122864692610710,
   0.000000000000000,
   0.122864692610710,
   0.243866883720989,
   0.361172305809388,
   0.473002731445715,
   0.577662930241223,
   0.673566368473469,
   0.759259263037357,
   0.833442628760834,
   0.894991997878276,
   0.942974571228975,
   0.976663921459517,
   0.995556969790498,
   0.000000000000000,
   0.000000000000000,
   0.000000000000000,
   0.000000000000000,
   0.000000000000000,
   0.000000000000000,
   0.000000000000000,
   0.000000000000000,
   0.000000000000000,
   0.000000000000000,
   0.000000000000000,
   0.000000000000000,
   0.000000000000000,
   0.000000000000000,
   0.000000000000000,
  -0.995885701145617,
  -0.978385445956471,
  -0.947159066661714,
  -0.902637861984308,
  -0.845445942788498,
  -0.776385948820679,
  -0.696427260419958,
  -0.606692293017618,
  -0.508440714824506,
  -0.403051755123487,
  -0.292004839485957,
  -0.176858820356890,
  -0.059230093429313,
   0.059230093429313,
   0.176858820356890,
   0.292004839485957,
   0.403051755123486,
   0.508440714824506,
   0.606692293017618,
   0.696427260419957,
   0.776385948820679,
   0.845445942788498,
   0.902637861984307,
   0.947159066661715,
   0.978385445956471,
   0.995885701145617,
   0.000000000000000,
   0.000000000000000,
   0.000000000000000,
   0.000000000000000,
   0.000000000000000,
   0.000000000000000,
   0.000000000000000,
   0.000000000000000,
   0.000000000000000,
   0.000000000000000,
   0.000000000000000,
   0.000000000000000,
   0.000000000000000,
   0.000000000000000,
  -0.996179262888989,
  -0.979923475961501,
  -0.950900557814705,
  -0.909482320677491,
  -0.856207908018294,
  -0.791771639070508,
  -0.717013473739423,
  -0.632907971946495,
  -0.540551564579457,
  -0.441148251750027,
  -0.335993903638509,
  -0.226459365439537,
  -0.113972585609530,
   0.000000000000000,
   0.113972585609530,
   0.226459365439537,
   0.335993903638509,
   0.441148251750027,
   0.540551564579457,
   0.632907971946495,
   0.717013473739423,
   0.791771639070508,
   0.856207908018294,
   0.909482320677491,
   0.950900557814705,
   0.979923475961501,
   0.996179262888988,
   0.000000000000000,
   0.000000000000000,
   0.000000000000000,
   0.000000000000000,
   0.000000000000000,
   0.000000000000000,
   0.000000000000000,
   0.000000000000000,
   0.000000000000000,
   0.000000000000000,
   0.000000000000000,
   0.000000000000000,
   0.000000000000000,
  -0.996442497573954,
  -0.981303165370872,
  -0.954259280628938,
  -0.915633026392132,
  -0.865892522574395,
  -0.805641370917179,
  -0.735610878013632,
  -0.656651094038865,
  -0.569720471811402,
  -0.475874224955118,
  -0.376251516089079,
  -0.272061627635178,
  -0.164569282133381,
  -0.055079289884035,
   0.055079289884034,
   0.164569282133381,
   0.272061627635178,
   0.376251516089079,
   0.475874224955118,
   0.569720471811401,
   0.656651094038865,
   0.735610878013631,
   0.805641370917180,
   0.865892522574395,
   0.915633026392132,
   0.954259280628938,
   0.981303165370873,
   0.996442497573954,
   0.000000000000000,
   0.000000000000000,
   0.000000000000000,
   0.000000000000000,
   0.000000000000000,
   0.000000000000000,
   0.000000000000000,
   0.000000000000000,
   0.000000000000000,
   0.000000000000000,
   0.000000000000000,
   0.000000000000000,
  -0.996679442260597,
  -0.982545505261413,
  -0.957285595778088,
  -0.921180232953059,
  -0.874637804920103,
  -0.818185487615252,
  -0.752462851734477,
  -0.678214537602687,
  -0.596281797138228,
  -0.507592955124228,
  -0.413152888174008,
  -0.314031637867640,
  -0.211352286166001,
  -0.106278230132679,
   0.000000000000000,
   0.106278230132679,
   0.211352286166001,
   0.314031637867639,
   0.413152888174009,
   0.507592955124228,
   0.596281797138228,
   0.678214537602687,
   0.752462851734478,
   0.818185487615253,
   0.874637804920103,
   0.921180232953059,
   0.957285595778088,
   0.982545505261413,
   0.996679442260597,
   0.000000000000000,
   0.000000000000000,
   0.000000000000000,
   0.000000000000000,
   0.000000000000000,
   0.000000000000000,
   0.000000000000000,
   0.000000000000000,
   0.000000000000000,
   0.000000000000000,
   0.000000000000000,
  -0.996893484074649,
  -0.983668123279747,
  -0.960021864968308,
  -0.926200047429275,
  -0.882560535792053,
  -0.829565762382768,
  -0.767777432104826,
  -0.697850494793316,
  -0.620526182989243,
  -0.536624148142020,
  -0.447033769538089,
  -0.352704725530878,
  -0.254636926167890,
  -0.153869913608584,
  -0.051471842555318,
   0.051471842555318,
   0.153869913608583,
   0.254636926167890,
   0.352704725530878,
   0.447033769538089,
   0.536624148142020,
   0.620526182989243,
   0.697850494793316,
   0.767777432104826,
   0.829565762382768,
   0.882560535792053,
   0.926200047429274,
   0.960021864968307,
   0.983668123279747,
   0.996893484074649,
   0.000000000000000,
   0.000000000000000,
   0.000000000000000,
   0.000000000000000,
   0.000000000000000,
   0.000000000000000,
   0.000000000000000,
   0.000000000000000,
   0.000000000000000,
   0.000000000000000,
  -0.997087481819478,
  -0.984685909665153,
  -0.962503925092950,
  -0.930756997896648,
  -0.889760029948271,
  -0.839920320146267,
  -0.781733148416625,
  -0.715776784586853,
  -0.642706722924260,
  -0.563249161407150,
  -0.478193782044902,
  -0.388385901608233,
  -0.294718069981701,
  -0.198121199335570,
  -0.099555312152341,
   0.000000000000001,
   0.099555312152341,
   0.198121199335571,
   0.294718069981702,
   0.388385901608233,
   0.478193782044903,
   0.563249161407149,
   0.642706722924260,
   0.715776784586853,
   0.781733148416625,
   0.839920320146267,
   0.889760029948271,
   0.930756997896648,
   0.962503925092950,
   0.984685909665153,
   0.997087481819477,
   0.000000000000000,
   0.000000000000000,
   0.000000000000000,
   0.000000000000000,
   0.000000000000000,
   0.000000000000000,
   0.000000000000000,
   0.000000000000000,
   0.000000000000000,
  -0.997263861849482,
  -0.985611511545268,
  -0.964762255587506,
  -0.934906075937740,
  -0.896321155766052,
  -0.849367613732570,
  -0.794483795967942,
  -0.732182118740290,
  -0.663044266930215,
  -0.587715757240762,
  -0.506899908932229,
  -0.421351276130636,
  -0.331868602282127,
  -0.239287362252137,
  -0.144471961582797,
  -0.048307665687738,
   0.048307665687738,
   0.144471961582797,
   0.239287362252137,
   0.331868602282128,
   0.421351276130636,
   0.506899908932229,
   0.587715757240762,
   0.663044266930215,
   0.732182118740289,
   0.794483795967942,
   0.849367613732570,
   0.896321155766052,
   0.934906075937740,
   0.964762255587506,
   0.985611511545268,
   0.997263861849482,
   0.000000000000000,
   0.000000000000000,
   0.000000000000000,
   0.000000000000000,
   0.000000000000000,
   0.000000000000000,
   0.000000000000000,
   0.000000000000000,
  -0.997424694246455,
  -0.986455726230642,
  -0.966822909689993,
  -0.938694372611168,
  -0.902316767743433,
  -0.858009652676504,
  -0.806162356274167,
  -0.747230496449562,
  -0.681731959969742,
  -0.610242345836379,
  -0.533389904786348,
  -0.451850017272451,
  -0.366339257748073,
  -0.277609097152497,
  -0.186439298827992,
  -0.093631065854734,
   0.000000000000000,
   0.093631065854733,
   0.186439298827992,
   0.277609097152497,
   0.366339257748073,
   0.451850017272451,
   0.533389904786348,
   0.610242345836379,
   0.681731959969743,
   0.747230496449562,
   0.806162356274167,
   0.858009652676504,
   0.902316767743434,
   0.938694372611168,
   0.966822909689993,
   0.986455726230642,
   0.997424694246455,
   0.000000000000000,
   0.000000000000000,
   0.000000000000000,
   0.000000000000000,
   0.000000000000000,
   0.000000000000000,
   0.000000000000000,
  -0.997571753790842,
  -0.987227816406309,
  -0.968708262533344,
  -0.942162397405107,
  -0.907809677718325,
  -0.865934638334565,
  -0.816884227900934,
  -0.761064876629873,
  -0.698939113216263,
  -0.631021727080529,
  -0.557875500669747,
  -0.480106545190327,
  -0.398359277758646,
  -0.313311081339463,
  -0.225666691616450,
  -0.136152357259183,
  -0.045509821953102,
   0.045509821953103,
   0.136152357259183,
   0.225666691616449,
   0.313311081339463,
   0.398359277758646,
   0.480106545190327,
   0.557875500669747,
   0.631021727080529,
   0.698939113216263,
   0.761064876629873,
   0.816884227900934,
   0.865934638334564,
   0.907809677718325,
   0.942162397405107,
   0.968708262533344,
   0.987227816406310,
   0.997571753790842,
   0.000000000000000,
   0.000000000000000,
   0.000000000000000,
   0.000000000000000,
   0.000000000000000,
   0.000000000000000,
  -0.997706569099600,
  -0.987935764443851,
  -0.970437616039230,
  -0.945345148207827,
  -0.912854261359318,
  -0.873219125025222,
  -0.826749899092226,
  -0.773810252286912,
  -0.714814501556629,
  -0.650224364665890,
  -0.580545344749765,
  -0.506322773241489,
  -0.428137541517814,
  -0.346601554430814,
  -0.262352941209296,
  -0.176051061165990,
  -0.088371343275659,
   0.000000000000000,
   0.088371343275659,
   0.176051061165990,
   0.262352941209296,
   0.346601554430814,
   0.428137541517815,
   0.506322773241489,
   0.580545344749765,
   0.650224364665890,
   0.714814501556629,
   0.773810252286913,
   0.826749899092225,
   0.873219125025222,
   0.912854261359318,
   0.945345148207828,
   0.970437616039230,
   0.987935764443851,
   0.997706569099600,
   0.000000000000000,
   0.000000000000000,
   0.000000000000000,
   0.000000000000000,
   0.000000000000000,
  -0.997830462484086,
  -0.988586478902212,
  -0.972027691049698,
  -0.948272984399508,
  -0.917497774515659,
  -0.879929800890397,
  -0.835847166992475,
  -0.785576230132206,
  -0.729489171593557,
  -0.668001236585521,
  -0.601567658135981,
  -0.530680285926245,
  -0.455863944433420,
  -0.377672547119689,
  -0.296684995344029,
  -0.213500892316866,
  -0.128736103809385,
  -0.043018198473708,
   0.043018198473709,
   0.128736103809385,
   0.213500892316866,
   0.296684995344028,
   0.377672547119689,
   0.455863944433420,
   0.530680285926245,
   0.601567658135981,
   0.668001236585521,
   0.729489171593557,
   0.785576230132207,
   0.835847166992476,
   0.879929800890397,
   0.917497774515659,
   0.948272984399508,
   0.972027691049698,
   0.988586478902212,
   0.997830462484086,
   0.000000000000000,
   0.000000000000000,
   0.000000000000000,
   0.000000000000000,
  -0.997944582477913,
  -0.989185963214319,
  -0.973493030056485,
  -0.950972343262095,
  -0.921781437412464,
  -0.886124962155486,
  -0.844252987340556,
  -0.796459200509902,
  -0.743078833981965,
  -0.684486309130959,
  -0.621092608408925,
  -0.553342391861582,
  -0.481710877803206,
  -0.406700509318327,
  -0.328837429883707,
  -0.248667792791366,
  -0.166753930239852,
  -0.083670408954770,
   0.000000000000000,
   0.083670408954770,
   0.166753930239852,
   0.248667792791366,
   0.328837429883708,
   0.406700509318326,
   0.481710877803205,
   0.553342391861582,
   0.621092608408925,
   0.684486309130959,
   0.743078833981966,
   0.796459200509902,
   0.844252987340556,
   0.886124962155486,
   0.921781437412464,
   0.950972343262095,
   0.973493030056486,
   0.989185963214319,
   0.997944582477914,
   0.000000000000000,
   0.000000000000000,
   0.000000000000000,
  -0.998049930535688,
  -0.989739454266386,
  -0.974846328590154,
  -0.953466330933530,
  -0.925741332048584,
  -0.891855739004633,
  -0.852035021932362,
  -0.806544167605317,
  -0.755685903753971,
  -0.699798680379184,
  -0.639254415829681,
  -0.574456021047807,
  -0.505834717927931,
  -0.433847169432376,
  -0.358972440479435,
  -0.281708809790165,
  -0.202570453892117,
  -0.122084025337867,
  -0.040785147904578,
   0.040785147904578,
   0.122084025337868,
   0.202570453892117,
   0.281708809790165,
   0.358972440479435,
   0.433847169432376,
   0.505834717927931,
   0.574456021047807,
   0.639254415829681,
   0.699798680379184,
   0.755685903753971,
   0.806544167605317,
   0.852035021932363,
   0.891855739004632,
   0.925741332048584,
   0.953466330933529,
   0.974846328590154,
   0.989739454266385,
   0.998049930535687,
   0.000000000000000,
   0.000000000000000,
  -0.998147383066433,
  -0.990251536854686,
  -0.976098709333471,
  -0.955775212324652,
  -0.929409148486738,
  -0.897167119292993,
  -0.859252937999906,
  -0.815906297430143,
  -0.767401242931063,
  -0.714044435894535,
  -0.656173213432011,
  -0.594153454957278,
  -0.528377268660438,
  -0.459260512309136,
  -0.387240163971562,
  -0.312771559248186,
  -0.236325512461836,
  -0.158385339997838,
  -0.079443804608755,
   0.000000000000000,
   0.079443804608756,
   0.158385339997838,
   0.236325512461835,
   0.312771559248186,
   0.387240163971561,
   0.459260512309136,
   0.528377268660438,
   0.594153454957278,
   0.656173213432011,
   0.714044435894534,
   0.767401242931063,
   0.815906297430143,
   0.859252937999906,
   0.897167119292993,
   0.929409148486738,
   0.955775212324652,
   0.976098709333471,
   0.990251536854686,
   0.998147383066433,
   0.000000000000000,
  -0.998237709710559,
  -0.990726238699457,
  -0.977259949983774,
  -0.957916819213792,
  -0.932812808278677,
  -0.902098806968874,
  -0.865959503212260,
  -0.824612230833312,
  -0.778305651426519,
  -0.727318255189927,
  -0.671956684614180,
  -0.612553889667980,
  -0.549467125095128,
  -0.483075801686179,
  -0.413779204371605,
  -0.341994090825758,
  -0.268152185007253,
  -0.192697580701371,
  -0.116084070675255,
  -0.038772417506051,
   0.038772417506051,
   0.116084070675255,
   0.192697580701371,
   0.268152185007254,
   0.341994090825758,
   0.413779204371605,
   0.483075801686179,
   0.549467125095128,
   0.612553889667980,
   0.671956684614180,
   0.727318255189927,
   0.778305651426519,
   0.824612230833312,
   0.865959503212259,
   0.902098806968874,
   0.932812808278677,
   0.957916819213792,
   0.977259949983774,
   0.990726238699457,
   0.998237709710559,
